1 15
0 30839 1995 2 720 0 17892 1988 488 0 12947 7
0 30846 1931 2 645 0 17343 1927 767 0 13503 4
0 30693 3338 3 906 0 15156 1684 1149 0 14841 1649 746 0 696 5
0 30770 2630 3 16 0 11808 1312 422 0 11835 1315 305 0 7127 3
0 30778 2556 3 1150 0 11565 1285 218 0 11421 1269 501 0 7792 2
0 19955 2913 3 1062 0 11007 1223 100 0 8901 989 623 0 47 701
0 19370 5155 4 515 0 9234 1026 59 0 8631 959 438 0 1367 1714 1166 0 138 1456
0 30689 3375 5 804 0 8955 995 13 0 8577 953 690 0 7956 884 802 0 4887 543 945 0 314 0
0 30746 2851 4 395 0 8784 976 270 0 8460 940 865 0 8379 931 903 0 5123 4
0 14298 5233 6 1112 0 7767 863 528 0 2364 502 964 0 1887 617 938 0 1639 1725 196 0 423 806 685 0 218 720
0 12409 4547 4 771 0 6095 703 43 0 5247 583 87 0 584 1711 1017 0 483 1550
0 10481 2754 3 71 0 5769 641 667 0 4689 521 731 0 23 1592
0 8617 3148 3 12 0 5949 661 808 0 1619 1742 110 0 1049 745
0 2401 916 1 285 0 2401 916
0 1157 841 1 248 0 1157 841
-1
2 13
0 30842 1967 2 630 0 17640 1960 75 0 13202 7
0 30851 1885 2 1119 0 16920 1880 1054 0 13931 5
0 30851 1885 2 831 0 16920 1880 428 0 13931 5
0 30685 3412 3 1186 0 15858 1762 578 0 14814 1646 3 0 13 4
0 30863 1774 2 163 0 15966 1774 211 0 14897 0
0 30862 1783 2 698 0 16011 1779 590 0 14851 4
0 30744 2869 3 156 0 13104 1456 271 0 12690 1410 977 0 4950 3
0 30770 2630 3 27 0 12519 1391 594 0 11106 1234 737 0 7145 5
0 30766 2667 3 533 0 12456 1384 1151 0 11484 1276 79 0 6826 7
0 27870 6234 6 329 0 9027 1003 696 0 8037 893 939 0 6912 768 797 0 2304 887 505 0 1367 1087 431 0 223 1596
0 11748 2415 3 227 0 6108 1130 586 0 5373 597 347 0 267 688
0 10944 1216 2 617 0 5670 630 1073 0 5274 586
0 6877 1095 2 192 0 4635 515 834 0 2242 580
-1
3 16
0 30841 1977 2 855 0 17730 1970 1187 0 13111 7
0 30840 1986 2 1039 0 17802 1978 366 0 13038 8
0 30687 3393 3 1114 0 15426 1714 610 0 15102 1678 466 0 159 1
0 30756 2759 3 563 0 12663 1407 836 0 12087 1343 772 0 6006 9
0 30759 2731 3 816 0 12366 1374 1168 0 12195 1355 621 0 6198 2
0 30772 2611 3 47 0 12006 1334 434 0 11466 1274 799 0 7300 3
0 30722 3071 4 293 0 9621 1069 839 0 9063 1007 916 0 8901 989 789 0 3137 6
0 28905 7607 8 181 0 9234 1026 769 0 7020 780 225 0 6102 678 516 0 5175 575 499 0 809 1736 388 0 320 1542 106 0 183 707 741 0 62 563
0 9033 3678 3 309 0 8262 918 524 0 768 1067 306 0 3 1693
0 13345 1629 2 1115 0 6946 918 401 0 6399 711
0 5391 599 1 856 0 5391 599
0 7109 4120 4 239 0 3414 647 102 0 1941 958 103 0 1260 1609 96 0 494 906
0 1507 2314 2 754 0 1161 1682 989 0 346 632
0 856 800 1 5 0 856 800
0 767 1619 1 187 0 767 1619
0 528 1639 1 469 0 528 1639
-1
4 16
0 30840 1986 2 1147 0 17838 1982 471 0 13002 4
0 30825 2124 2 28 0 16938 1882 261 0 13887 242
0 30853 1866 2 1185 0 16794 1866 843 0 14059 0
0 30798 2372 2 176 0 16254 1806 756 0 14544 566
0 30862 1783 2 241 0 15984 1776 499 0 14878 7
0 30724 3053 3 780 0 14301 1589 519 0 13149 1461 790 0 3274 3
0 13554 1506 1 695 0 13554 1506
0 30765 2676 3 575 0 12555 1395 1090 0 11457 1273 881 0 6753 8
0 16556 1837 2 913 0 11619 1291 1156 0 4937 546
0 10594 2804 2 157 0 10386 1154 141 0 208 1650
0 19523 4674 4 581 0 9846 1094 49 0 8190 910 140 0 1072 1579 79 0 415 1091
0 29596 7155 6 717 0 9306 1034 1190 0 8082 898 1024 0 6741 749 1021 0 4508 1057 211 0 745 1738 952 0 214 1679
0 13482 2005 2 182 0 8891 1041 852 0 4591 964
0 21251 4443 4 538 0 7407 823 1028 0 6084 676 595 0 5974 1146 953 0 1786 1798
0 6291 699 1 532 0 6291 699
0 3862 1889 1 580 0 3862 1889
-1
5 14
0 30843 1958 2 1109 0 17604 1956 1184 0 13239 2
0 30852 1875 2 420 0 16857 1873 754 0 13995 2
0 30853 1866 2 671 0 16731 1859 849 0 14122 7
0 30686 3403 3 201 0 15732 1748 219 0 14850 1650 941 0 104 5
0 30706 3219 3 694 0 15066 1674 124 0 13860 1540 554 0 1780 5
0 30755 2768 3 204 0 13230 1470 81 0 11655 1295 560 0 5870 3
0 24228 2692 2 1161 0 13257 1473 682 0 10971 1219
0 30705 3228 4 603 0 12744 1416 6 0 9396 1044 254 0 6876 764 1075 0 1689 4
0 30768 2648 3 901 0 11862 1318 1170 0 11970 1330 635 0 6936 0
0 30690 3366 4 452 0 9819 1091 217 0 10260 1140 792 0 10188 1132 783 0 423 3
0 11304 4410 4 26 0 9243 1027 635 0 1398 926 1027 0 565 1762 986 0 98 695
0 23200 4237 4 644 0 7767 863 495 0 7866 874 1103 0 7353 817 32 0 214 1683
0 15084 1676 2 531 0 7632 848 674 0 7452 828
0 2652 1791 1 539 0 2652 1791
-1
6 13
0 30844 1949 2 178 0 17541 1949 32 0 13303 0
0 30844 1949 2 591 0 17505 1945 743 0 13339 4
0 30861 1793 2 622 0 16110 1790 253 0 14751 3
0 30704 3237 3 287 0 15021 1669 264 0 14094 1566 1068 0 1589 2
0 30759 2731 3 716 0 13284 1476 1133 0 11241 1249 779 0 6234 6
0 30756 2759 3 229 0 13122 1458 1007 0 11646 1294 347 0 5988 7
0 30743 2878 3 940 0 12996 1444 372 0 12843 1427 1137 0 4904 7
0 30754 2777 3 1040 0 12843 1427 661 0 12087 1343 127 0 5824 7
0 30684 3421 4 574 0 9000 1000 962 0 8298 922 42 0 8049 1330 1043 0 5337 169
0 14924 6470 5 104 0 7497 833 652 0 5985 665 506 0 990 1663 242 0 338 1588 925 0 114 1721
0 9459 4201 3 77 0 7002 778 37 0 1906 1783 125 0 551 1640
0 1334 1012 1 501 0 1334 1012
0 93 3009 2 3 0 37 1508 947 0 56 1501
-1
7 13
0 30843 1958 2 315 0 17577 1953 1074 0 13266 5
0 30844 1949 2 319 0 17541 1949 456 0 13303 0
0 30845 1940 2 1160 0 17415 1935 198 0 13430 5
0 30847 1921 2 689 0 17226 1914 388 0 13621 7
0 30765 2676 3 1077 0 13068 1452 333 0 10989 1221 1179 0 6708 3
0 30766 2667 3 475 0 12303 1367 205 0 11691 1299 1031 0 6772 1
0 30785 2492 3 752 0 11528 1334 381 0 10377 1153 524 0 8880 5
0 30701 3265 4 377 0 10377 1153 700 0 9405 1045 407 0 9585 1065 1115 0 1334 2
0 30710 3182 4 1181 0 10197 1133 404 0 9522 1058 1019 0 8892 988 573 0 2099 3
0 20376 4364 5 489 0 6867 763 793 0 6777 753 194 0 6147 683 38 0 297 1502 612 0 288 663
0 5553 617 1 19 0 5553 617
0 5094 566 1 513 0 5094 566
0 7189 3839 3 454 0 4662 518 999 0 2388 1706 383 0 139 1615
-1
8 14
0 30846 1931 2 599 0 17298 1922 1017 0 13548 9
0 30848 1912 2 658 0 17136 1904 579 0 13712 8
0 30690 3366 2 22 0 15723 1747 812 0 14967 1619
0 30705 3228 3 213 0 15570 1730 713 0 13437 1493 79 0 1698 5
0 30745 2860 3 468 0 15597 1733 1052 0 10116 1124 1021 0 5032 3
0 30713 3154 3 935 0 15534 1726 310 0 12852 1428 171 0 2327 0
0 30718 3108 4 237 0 9621 1069 817 0 7843 1214 177 0 7380 820 268 0 5874 5
0 22440 3436 5 991 0 9234 1026 1058 0 5310 590 512 0 4608 512 547 0 3288 884 1043 0 0 424
0 30722 3071 5 172 0 9180 1020 762 0 7911 879 11 0 5463 607 68 0 5076 564 267 0 3092 1
0 19006 3683 4 934 0 6534 726 598 0 5616 624 542 0 5463 607 828 0 1393 1726
0 4920 1880 2 1068 0 4920 1082 1129 0 0 798
0 3012 2802 3 1035 0 2778 632 442 0 177 639 496 0 57 1531
0 885 1583 1 786 0 885 1583
0 353 2288 2 571 0 327 807 706 0 26 1481
-1
9 16
0 30840 1986 2 705 0 17811 1979 999 0 13029 7
0 30846 1931 2 1055 0 17352 1928 539 0 13494 3
0 30852 1875 2 503 0 16839 1871 125 0 14013 4
0 30861 1793 2 760 0 16092 1788 900 0 14769 5
0 30861 1793 2 1008 0 16056 1784 925 0 14805 9
0 30719 3099 3 20 0 15723 1747 256 0 12114 1346 180 0 2882 6
0 30755 2768 3 841 0 13563 1507 1174 0 11340 1260 1086 0 5852 1
0 30747 2841 3 390 0 13365 1485 655 0 12150 1350 149 0 5232 6
0 23848 7075 5 844 0 12834 1426 918 0 8334 926 613 0 1137 1567 1125 0 856 1555 1053 0 687 1601
0 30767 2657 3 1045 0 12654 1406 1128 0 11187 1243 341 0 6926 8
0 30760 2722 3 284 0 12726 1414 314 0 11763 1307 832 0 6271 1
0 12279 1883 2 704 0 12276 1364 838 0 3 519
0 30486 4828 4 751 0 10584 1176 987 0 8685 965 60 0 8487 943 366 0 2730 1744
0 21213 2357 3 1099 0 8280 920 954 0 7110 790 1094 0 5823 647
0 16010 4770 5 963 0 7713 857 868 0 4869 541 488 0 2758 1738 486 0 508 901 470 0 162 733
0 8438 2444 2 647 0 7344 816 676 0 1094 1628
-1
10 8
0 30842 1967 2 1148 0 17649 1961 140 0 13193 6
0 30850 1894 2 1107 0 17037 1893 796 0 13813 1
0 30686 3403 3 131 0 15930 1770 111 0 14643 1627 110 0 113 6
0 30687 3393 3 996 0 15705 1745 279 0 14760 1640 737 0 222 8
0 30727 3025 3 46 0 13428 1492 292 0 13725 1525 9 0 3574 8
0 30769 2639 3 369 0 13059 1451 723 0 10647 1183 788 0 7063 5
0 30685 3412 4 291 0 11007 1223 795 0 9954 1106 837 0 9711 1079 1156 0 13 4
0 11653 2866 3 245 0 5157 573 958 0 4851 539 993 0 1645 1754
-1
11 13
0 30840 1986 2 67 0 17874 1986 1166 0 12966 0
0 30842 1967 2 327 0 17685 1965 2 0 13157 2
0 30847 1921 2 363 0 17253 1917 354 0 13594 4
0 30724 3053 3 1046 0 14274 1586 138 0 13203 1467 1175 0 3247 0
0 30732 2979 3 244 0 13905 1545 40 0 12888 1432 42 0 3939 2
0 30732 2979 3 1084 0 13527 1503 1131 0 13284 1476 355 0 3921 0
0 30760 2722 3 226 0 12987 1443 973 0 11484 1276 623 0 6289 3
0 30756 2759 3 1088 0 12393 1377 627 0 12375 1375 701 0 5988 7
0 30781 2529 3 1182 0 11673 1297 48 0 11007 1223 380 0 8101 9
0 22050 2450 3 303 0 9054 1006 400 0 8352 928 763 0 4644 516
0 9095 1260 2 290 0 6453 717 826 0 2642 543
0 2342 1335 2 718 0 2250 629 832 0 92 706
0 193 1581 1 941 0 193 1581
-1
12 14
0 30843 1958 2 637 0 17613 1957 523 0 13230 1
0 30848 1912 2 544 0 17163 1907 521 0 13685 5
0 30686 3403 3 1023 0 17019 1891 1159 0 13599 1511 845 0 68 1
0 30853 1866 2 34 0 16740 1860 808 0 14113 6
0 30693 3338 3 981 0 16173 1797 829 0 13797 1533 925 0 723 8
0 30753 2786 3 1082 0 12645 1405 387 0 12375 1375 612 0 5733 6
0 30709 3191 4 165 0 10989 1221 297 0 9459 1051 785 0 8244 916 427 0 2017 3
0 7653 3843 3 884 0 5346 594 569 0 1284 1639 648 0 1023 1610
0 2749 2076 2 965 0 2651 1130 663 0 98 946
0 2584 2796 2 54 0 2459 1723 970 0 125 1073
0 2739 2839 2 757 0 1920 1654 339 0 819 1185
0 359 976 1 494 0 359 976
0 287 1091 1 272 0 287 1091
0 118 551 1 155 0 118 551
-1
13 18
0 30841 1977 2 572 0 17793 1977 945 0 13048 0
0 30857 1829 2 189 0 16452 1828 907 0 14405 1
0 30692 3347 3 240 0 15372 1708 898 0 14751 1639 691 0 569 0
0 30719 3099 3 4 0 14112 1568 536 0 13779 1531 493 0 2828 0
0 30745 2860 3 687 0 12861 1429 535 0 12825 1425 851 0 5059 6
0 30783 2510 3 436 0 11466 1274 736 0 11097 1233 1048 0 8220 3
0 30782 2519 3 416 0 11466 1274 562 0 11133 1237 53 0 8183 8
0 19746 2194 2 750 0 10557 1173 1144 0 9189 1021
0 23670 2630 3 252 0 10134 1126 879 0 7155 795 311 0 6381 709
0 16879 2804 3 223 0 9450 1050 281 0 6759 751 362 0 670 1003
0 27864 3096 4 517 0 8883 987 374 0 7371 819 1132 0 6408 712 697 0 5202 578
0 21470 5740 5 462 0 8388 932 426 0 7389 821 1184 0 3015 1804 9 0 2618 680 480 0 60 1503
0 18304 3817 4 583 0 8352 928 109 0 7920 880 267 0 1426 501 471 0 606 1508
0 18545 2980 4 1083 0 8334 926 558 0 4698 522 406 0 4770 530 323 0 743 1002
0 30688 3384 5 784 0 7974 886 537 0 7731 859 1106 0 7470 830 1178 0 7281 809 947 0 232 0
0 20241 2249 3 576 0 7452 828 263 0 7443 827 626 0 5346 594
0 13666 3034 3 228 0 7038 782 679 0 6525 725 269 0 103 1527
0 470 1586 1 45 0 470 1586
-1
14 15
0 30697 3301 3 568 0 17451 1939 1191 0 12195 1355 207 0 1051 7
0 30851 1885 2 587 0 16938 1882 117 0 13913 3
0 30860 1802 2 764 0 16173 1797 141 0 14687 5
0 30733 2970 3 476 0 15561 1729 850 0 11097 1233 227 0 4075 8
0 30749 2823 3 318 0 14085 1565 853 0 11277 1253 985 0 5387 5
0 30751 2805 3 72 0 13059 1451 150 0 12168 1352 977 0 5524 2
0 30751 2805 3 857 0 13086 1454 1022 0 12078 1342 1030 0 5587 9
0 30699 3283 4 215 0 11565 1285 555 0 11025 1225 1173 0 6912 768 127 0 1197 5
0 30722 3071 4 183 0 11556 1284 418 0 10458 1162 384 0 5580 620 355 0 3128 5
0 30786 2483 3 651 0 11313 1257 1064 0 11016 1224 36 0 8457 2
0 21709 3369 4 99 0 7614 846 415 0 6525 725 174 0 5544 616 557 0 2026 1182
0 10584 1176 2 724 0 5553 617 51 0 5031 559
0 3192 2482 2 924 0 2880 1789 772 0 312 693
0 729 1717 1 810 0 729 1717
0 381 980 1 36 0 381 980
-1
15 12
0 30840 1986 2 396 0 17829 1981 757 0 13011 5
0 30843 1958 2 467 0 17586 1954 121 0 13257 4
0 30848 1912 2 833 0 17181 1909 206 0 13667 3
0 30850 1894 2 472 0 16983 1887 191 0 13867 7
0 30857 1829 2 818 0 16398 1822 383 0 14459 7
0 30730 2998 3 1145 0 14832 1648 257 0 12132 1348 66 0 3766 2
0 30754 2777 3 827 0 12573 1397 914 0 12366 1374 494 0 5815 6
0 30768 2648 3 915 0 12069 1341 1192 0 11718 1302 571 0 6981 5
0 30777 2565 3 296 0 11718 1302 280 0 11304 1256 1078 0 7755 7
0 30799 2363 3 1197 0 10935 1215 1050 0 10305 1145 272 0 9559 3
0 25853 3876 5 429 0 7704 856 83 0 6651 739 699 0 5796 644 98 0 5364 596 417 0 338 1041
0 1382 3129 2 727 0 977 1615 666 0 405 1514
-1
16 10
0 30840 1986 2 880 0 17829 1981 860 0 13011 5
0 30843 1958 2 618 0 17604 1956 38 0 13239 2
0 30848 1912 2 288 0 17154 1906 642 0 13694 6
0 30696 3311 3 84 0 16488 1832 158 0 13248 1472 75 0 960 7
0 30730 2998 3 1097 0 13851 1539 1047 0 13122 1458 419 0 3757 1
0 30799 2363 3 734 0 10755 1195 353 0 10476 1164 970 0 9568 4
0 30704 3237 5 69 0 8226 914 425 0 7947 883 770 0 6777 753 703 0 6111 679 196 0 1643 8
0 24696 2744 4 308 0 7227 803 673 0 6633 737 312 0 5715 635 1013 0 5121 569
0 15386 4102 5 657 0 5391 599 543 0 4671 519 779 0 2631 979 746 0 2524 499 1049 0 169 1506
0 1501 1782 1 1075 0 1501 1782
-1
17 13
0 30843 1958 2 530 0 17550 1950 325 0 13293 8
0 30844 1949 2 101 0 17478 1942 706 0 13366 7
0 30855 1848 2 64 0 16614 1846 469 0 14241 2
0 30779 2547 3 1005 0 11493 1277 1188 0 11376 1264 445 0 7910 6
0 30787 2473 3 129 0 11340 1260 31 0 10872 1208 439 0 8575 5
0 30788 2464 3 550 0 11070 1230 1093 0 11106 1234 557 0 8612 0
0 30794 2409 3 998 0 10935 1215 1171 0 10701 1189 1010 0 9158 5
0 30793 2418 3 739 0 10971 1219 968 0 10728 1192 417 0 9094 7
0 30688 3384 4 143 0 10147 1218 1018 0 10260 1140 897 0 9189 1021 432 0 1092 5
0 30744 2869 4 385 0 10098 1122 449 0 8397 933 482 0 7317 813 765 0 4932 1
0 16654 3913 4 302 0 9279 1031 510 0 4608 512 656 0 2750 890 456 0 17 1480
0 26600 3959 5 326 0 6912 768 343 0 6831 759 893 0 6183 687 444 0 5886 654 154 0 788 1091
0 769 1941 2 737 0 688 882 44 0 81 1059
-1
18 12
0 30843 1958 2 195 0 17550 1950 666 0 13293 8
0 30845 1940 2 258 0 17460 1940 1049 0 13385 0
0 30834 2041 2 744 0 16686 1854 967 0 14148 187
0 30762 2703 2 235 0 15588 1732 585 0 15174 971
0 30711 3173 3 1135 0 14355 1595 1169 0 14166 1574 528 0 2190 4
0 30760 2722 3 708 0 12888 1432 1126 0 11556 1284 685 0 6316 6
0 30758 2740 3 566 0 12699 1411 1006 0 11916 1324 986 0 6143 5
0 30802 2335 3 185 0 10422 1158 693 0 10548 1172 1000 0 9832 5
0 30688 3384 5 1113 0 8487 943 135 0 6599 1094 1193 0 6462 718 169 0 5589 621 888 0 3551 8
0 10842 7571 5 662 0 5139 571 453 0 2305 1799 91 0 2298 1780 246 0 993 1719 638 0 107 1702
0 914 3002 2 554 0 675 1213 41 0 239 1789
0 76 1524 1 152 0 76 1524
-1
19 13
0 30847 1921 2 498 0 17217 1913 3 0 13630 8
0 30848 1912 2 350 0 17199 1911 41 0 13649 1
0 30855 1848 2 974 0 16605 1845 923 0 14250 3
0 30843 1958 2 128 0 16398 1822 294 0 14445 136
0 30785 2492 3 811 0 11232 1248 904 0 11124 1236 663 0 8429 8
0 30686 3403 4 345 0 10404 1156 806 0 10314 1146 823 0 9828 1092 663 0 140 9
0 30686 3403 4 527 0 10233 1137 57 0 10188 1132 1140 0 10161 1129 986 0 104 5
0 30720 3090 4 1032 0 10377 1153 1 0 9954 1106 500 0 7425 825 1035 0 2964 6
0 30719 3099 4 1172 0 9450 1050 94 0 9369 1041 421 0 9018 1002 427 0 2882 6
0 15741 1749 3 430 0 6660 740 477 0 4545 505 650 0 4536 504
0 26992 7904 6 487 0 6608 1095 984 0 6426 714 398 0 5499 611 728 0 3991 1875 669 0 2673 1894 521 0 1795 1715
0 905 2154 2 765 0 531 606 629 0 374 1548
0 355 1895 2 127 0 260 797 1000 0 95 1098
-1
20 16
0 30842 1967 2 761 0 17640 1960 556 0 13202 7
0 30846 1931 2 151 0 17343 1927 458 0 13503 4
0 30846 1931 2 344 0 17370 1930 654 0 13476 1
0 30852 1875 2 1034 0 16803 1867 506 0 14049 8
0 30857 1829 2 632 0 16443 1827 766 0 14414 2
0 30707 3209 3 596 0 16254 1806 1036 0 12591 1399 1122 0 1862 4
0 30741 2897 3 397 0 13473 1497 23 0 12600 1400 547 0 4668 0
0 30749 2823 3 921 0 13221 1469 123 0 12141 1349 989 0 5387 5
0 30764 2685 3 1037 0 13194 1466 607 0 10944 1216 552 0 6626 3
0 30728 3016 5 926 0 9387 1043 371 0 6822 758 740 0 5616 624 338 0 5247 583 502 0 3656 8
0 11385 1265 2 389 0 6570 730 768 0 4815 535
0 6974 2593 3 600 0 4941 549 1122 0 2033 659 753 0 0 1385
0 2414 1718 1 759 0 2414 1718
0 1361 1685 1 122 0 1361 1685
0 220 1456 1 846 0 220 1456
0 257 613 1 433 0 257 613
-1
21 14
0 30839 1995 2 745 0 17919 1991 502 0 12920 4
0 30839 1995 2 1067 0 17946 1994 728 0 12893 1
0 30851 1885 2 18 0 16956 1884 453 0 13895 1
0 30863 1774 2 144 0 15957 1773 952 0 14906 1
0 30715 3136 3 277 0 14886 1654 80 0 13320 1480 147 0 2509 2
0 30721 3081 3 1079 0 14625 1625 116 0 13095 1455 749 0 3001 1
0 30717 3117 3 1164 0 10584 1176 168 0 10287 1143 408 0 9846 798
0 30720 3090 4 62 0 10557 1173 409 0 10044 1116 113 0 7164 796 800 0 2955 5
0 30674 3513 5 304 0 10089 1121 721 0 8019 891 573 0 6298 930 262 0 5103 567 552 0 1165 4
0 15250 3294 3 702 0 9225 1025 15 0 5688 632 17 0 337 1637
0 30710 3182 5 105 0 8208 912 50 0 6804 756 283 0 6795 755 1105 0 6777 753 1122 0 2126 6
0 5944 919 1 171 0 5944 919
0 12003 3506 3 139 0 5202 578 1137 0 4771 1068 289 0 2030 1860
0 1287 1696 1 755 0 1287 1696
-1
22 13
0 30844 1949 2 883 0 17541 1949 289 0 13303 0
0 30687 3393 3 675 0 17370 1930 1120 0 13113 1457 781 0 204 6
0 30850 1894 2 773 0 17046 1894 187 0 13804 0
0 30852 1875 2 1183 0 16866 1874 631 0 13986 1
0 30736 2943 3 859 0 13941 1549 58 0 12483 1387 877 0 4312 7
0 30755 2768 3 606 0 13428 1492 497 0 11484 1276 193 0 5843 0
0 30741 2897 3 14 0 13131 1459 221 0 12906 1434 838 0 4704 4
0 30776 2575 3 712 0 11655 1295 1176 0 11439 1271 486 0 7682 9
0 30753 2786 4 1196 0 8136 904 933 0 8091 899 824 0 7650 850 979 0 6876 133
0 16319 3263 3 782 0 7659 851 636 0 5715 635 1187 0 2945 1777
0 4833 537 1 322 0 4833 537
0 8050 2326 2 352 0 4608 512 969 0 3442 1814
0 395 2828 3 847 0 190 643 164 0 107 1574 830 0 98 611
-1
23 13
0 30848 1912 2 937 0 17136 1904 152 0 13712 8
0 30851 1885 2 511 0 16920 1880 1025 0 13931 5
0 30771 2621 2 130 0 16866 1874 1129 0 13905 747
0 30858 1820 2 867 0 16308 1812 1110 0 14550 8
0 30861 1793 2 490 0 16056 1784 810 0 14805 9
0 30713 3154 3 882 0 15876 1764 1051 0 12474 1386 248 0 2363 4
0 30695 3320 3 1104 0 15759 1751 455 0 14112 1568 143 0 824 1
0 30734 2961 3 729 0 13248 1472 602 0 13338 1482 852 0 4148 7
0 30734 2961 3 608 0 13374 1486 735 0 13221 1469 248 0 4139 6
0 21404 5760 5 819 0 9234 1026 992 0 5853 750 777 0 5364 596 273 0 901 1727 260 0 52 1661
0 8974 2038 2 725 0 8793 977 942 0 181 1061
0 15710 3798 3 848 0 8838 982 66 0 6170 1102 507 0 702 1714
0 1110 1692 1 392 0 1110 1692
-1
24 15
0 30840 1986 2 680 0 17820 1980 613 0 13020 6
0 30853 1866 2 1044 0 16767 1863 164 0 14086 3
0 30703 3246 3 919 0 15228 1692 548 0 13986 1554 638 0 1489 0
0 30744 2869 3 892 0 14571 1619 971 0 11187 1243 207 0 4986 7
0 30724 3053 3 175 0 13878 1542 641 0 13581 1509 487 0 3265 2
0 30751 2805 3 972 0 12663 1407 402 0 12519 1391 317 0 5569 7
0 30686 3403 4 504 0 12168 1352 224 0 10188 1132 1059 0 8262 918 227 0 68 1
0 30785 2492 3 715 0 11592 1288 932 0 10764 1196 362 0 8429 8
0 23243 4256 3 1152 0 11484 1276 738 0 11430 1270 145 0 329 1710
0 21639 5945 5 107 0 10557 1173 1154 0 5112 568 877 0 3995 916 121 0 1053 1586 907 0 922 1702
0 30735 2952 4 643 0 10026 1114 21 0 9468 1052 132 0 7065 785 1066 0 4176 1
0 30735 2952 4 960 0 9108 1012 592 0 8748 972 443 0 8703 967 339 0 4176 1
0 26666 3854 5 896 0 8505 945 412 0 6561 729 1108 0 6354 706 1056 0 5229 581 380 0 17 893
0 27369 3041 4 959 0 8487 943 231 0 7407 823 814 0 6444 716 719 0 5031 559
0 3849 2766 2 1031 0 2975 1082 767 0 874 1684
-1
25 17
0 30839 1995 2 905 0 17892 1988 214 0 12947 7
0 30843 1958 2 1065 0 17568 1952 924 0 13275 6
0 30845 1940 2 1195 0 17424 1936 546 0 13421 4
0 30851 1885 2 920 0 16965 1885 938 0 13886 0
0 30854 1857 2 313 0 16695 1855 88 0 14159 2
0 30755 2768 3 936 0 12807 1423 615 0 12069 1341 285 0 5879 4
0 30785 2492 3 722 0 11970 1330 845 0 10399 1162 505 0 8416 0
0 30690 3366 4 7 0 10611 1179 589 0 10503 1167 367 0 9108 1012 701 0 468 8
0 30159 3351 4 858 0 9810 1090 873 0 8064 896 604 0 6255 695 134 0 6030 670
0 19929 3493 4 1012 0 9666 1074 70 0 5490 610 414 0 3133 970 207 0 1640 839
0 8041 1867 2 33 0 7629 1004 664 0 412 863
0 14661 4615 5 1177 0 6570 730 432 0 3588 515 1066 0 1962 681 743 0 1808 1679 1081 0 733 1010
0 17392 3532 4 520 0 6363 707 440 0 5436 604 862 0 5004 556 766 0 589 1665
0 16558 2489 4 929 0 5571 619 232 0 5355 595 1015 0 5382 598 1086 0 250 677
0 6410 1492 2 928 0 4824 536 948 0 1586 956
0 1028 1273 1 977 0 1028 1273
0 508 1488 1 214 0 508 1488
-1
26 10
0 30839 1995 2 1011 0 17955 1995 846 0 12884 0
0 30849 1903 2 247 0 17055 1895 91 0 13794 8
0 30852 1875 2 30 0 16821 1869 941 0 14031 6
0 30688 3384 3 1200 0 15399 1711 707 0 15030 1670 125 0 259 3
0 30697 3301 5 243 0 9549 1061 119 0 7533 837 1003 0 6966 774 1143 0 5616 624 242 0 1033 5
0 30724 3053 4 1101 0 9351 1039 946 0 9081 1009 983 0 9018 1002 1068 0 3274 3
0 16982 5721 5 335 0 7407 823 714 0 6606 734 427 0 2805 847 502 0 164 1848 294 0 0 1469
0 7602 2509 2 118 0 7371 819 209 0 231 1690
0 17492 3533 4 259 0 5616 624 670 0 5517 613 1080 0 5247 583 886 0 1112 1713
0 3192 3827 3 639 0 2202 987 749 0 583 1847 439 0 407 993
-1
27 13
0 30843 1958 2 640 0 17568 1952 249 0 13275 6
0 30706 3219 3 588 0 15579 1731 166 0 13392 1488 96 0 1735 0
0 30724 3053 3 885 0 14409 1601 601 0 13050 1450 135 0 3265 2
0 30722 3071 3 461 0 14364 1596 251 0 13275 1475 817 0 3083 0
0 30725 3044 3 787 0 13770 1530 393 0 13626 1514 1078 0 3329 0
0 30752 2795 3 115 0 12969 1441 52 0 12114 1346 847 0 5669 8
0 30769 2639 3 908 0 12555 1395 732 0 11169 1241 1189 0 7045 3
0 30785 2492 3 300 0 11484 1276 275 0 10881 1209 1081 0 8420 7
0 29973 4017 4 997 0 10512 1168 357 0 10080 1120 730 0 8280 920 621 0 1101 809
0 30743 2878 4 346 0 10404 1156 298 0 7722 858 1124 0 7704 856 155 0 4913 8
0 12773 3835 4 625 0 6237 693 446 0 4824 536 159 0 1620 978 349 0 92 1628
0 21620 6918 6 320 0 6003 667 359 0 5742 638 803 0 5544 616 458 0 2490 1773 556 0 919 1562 75 0 922 1662
0 19 1545 1 428 0 19 1545
-1
28 18
0 30839 1995 2 522 0 17928 1992 112 0 12911 3
0 30846 1931 2 551 0 17370 1930 569 0 13476 1
0 30691 3357 3 692 0 17055 1895 56 0 13086 1454 182 0 550 8
0 30691 3357 3 478 0 16857 1873 994 0 13338 1482 752 0 496 2
0 30854 1857 2 234 0 16704 1856 37 0 14150 1
0 30856 1839 2 331 0 16533 1837 886 0 14323 2
0 30726 3035 3 356 0 16101 1789 465 0 11178 1242 718 0 3447 4
0 30865 1756 2 274 0 15768 1752 145 0 15097 4
0 26541 4585 3 450 0 14202 1578 869 0 11286 1254 253 0 1053 1753
0 30748 2832 3 534 0 13581 1509 508 0 11907 1323 196 0 5260 0
0 30771 2621 3 410 0 11790 1310 203 0 11736 1304 159 0 7245 7
0 30696 3311 4 807 0 11160 1240 95 0 9405 1045 447 0 9234 1026 206 0 897 0
0 20047 3456 5 951 0 8361 929 332 0 7191 799 147 0 3089 620 888 0 1102 509 903 0 304 599
0 7533 837 1 567 0 7533 837
0 11632 2349 3 1142 0 5832 648 180 0 3661 721 1179 0 2139 980
0 6672 3779 3 985 0 3379 969 799 0 2942 1135 900 0 351 1675
0 2791 3239 2 2 0 1909 1672 249 0 882 1567
0 1951 2966 2 1078 0 1093 1346 1041 0 858 1620
-1
29 14
0 30842 1967 2 202 0 17658 1962 580 0 13184 5
0 30842 1967 2 451 0 17658 1962 1125 0 13184 5
0 30850 1894 2 1042 0 17019 1891 122 0 13831 3
0 30849 1903 2 774 0 17064 1896 1053 0 13785 7
0 30858 1820 2 334 0 16335 1815 246 0 14523 5
0 30857 1829 2 399 0 16452 1828 953 0 14405 1
0 30714 3145 3 1153 0 14499 1611 825 0 13770 1530 239 0 2445 4
0 30744 2869 3 525 0 14103 1567 336 0 11709 1301 863 0 4932 1
0 30769 2639 3 872 0 12078 1342 208 0 11619 1291 948 0 7072 6
0 30699 3283 4 665 0 10629 1181 55 0 9495 1055 186 0 8299 1041 41 0 2276 6
0 8096 3372 3 108 0 6939 771 1048 0 645 982 849 0 512 1619
0 2658 1736 1 278 0 2658 1736
0 156 876 1 552 0 156 876
0 309 2619 2 523 0 206 1674 268 0 103 945
-1
30 17
0 30840 1986 2 137 0 17856 1984 242 0 12984 2
0 30847 1921 2 457 0 17235 1915 982 0 13612 6
0 30848 1912 2 361 0 17181 1909 269 0 13667 3
0 30854 1857 2 649 0 16695 1855 431 0 14159 2
0 30703 3246 3 276 0 15327 1703 1158 0 13869 1541 442 0 1507 2
0 30702 3255 3 86 0 15228 1692 460 0 14022 1558 33 0 1452 5
0 30701 3265 3 628 0 14661 1629 301 0 14652 1628 746 0 1388 8
0 30746 2851 3 944 0 13104 1456 541 0 12510 1390 368 0 5132 5
0 22851 2835 3 995 0 12510 1390 351 0 10341 1149 408 0 0 296
0 30227 4909 4 1029 0 12312 1368 781 0 10371 1169 1180 0 7497 833 796 0 47 1539
0 19152 2128 2 597 0 12177 1353 1089 0 6975 775
0 12827 5897 4 878 0 11943 1327 88 0 880 1669 61 0 4 1516 967 0 0 1385
0 30773 2602 3 167 0 11862 1318 820 0 11493 1277 664 0 7418 7
0 30787 2473 3 324 0 11862 1318 424 0 10350 1150 822 0 8575 5
0 29963 5326 5 161 0 10917 1213 133 0 9576 1064 1163 0 4716 524 860 0 3369 1815 851 0 1385 710
0 30725 3044 4 514 0 9738 1082 199 0 9549 1061 861 0 8073 897 554 0 3365 4
0 1253 919 1 1189 0 1253 919
-1
31 13
0 30841 1977 2 1071 0 17784 1976 540 0 13057 1
0 30843 1958 2 1123 0 17550 1950 103 0 13293 8
0 30848 1912 2 909 0 17208 1912 672 0 13640 0
0 30864 1765 2 160 0 15849 1761 209 0 15015 4
0 30752 2795 3 624 0 13113 1457 660 0 11988 1332 110 0 5651 6
0 30747 2841 3 348 0 12861 1429 955 0 12672 1408 554 0 5214 4
0 30761 2713 3 509 0 12384 1376 633 0 12015 1335 5 0 6362 2
0 30793 2418 3 370 0 11592 1288 375 0 10098 1122 154 0 9103 8
0 30700 3274 4 90 0 9891 1099 89 0 9801 1089 813 0 9756 1084 1027 0 1252 2
0 30697 3301 5 529 0 9522 1058 895 0 8532 948 801 0 6948 772 975 0 4635 515 79 0 1060 8
0 13608 1512 2 230 0 8946 994 809 0 4662 518
0 7032 2390 2 340 0 5472 608 961 0 1560 1782
0 717 822 1 881 0 717 822
-1
32 19
0 30841 1977 2 76 0 17739 1971 54 0 13102 6
0 30841 1977 2 212 0 17721 1969 749 0 13120 8
0 30846 1931 2 85 0 17325 1925 480 0 13521 6
0 30853 1866 2 238 0 16776 1864 1027 0 14077 2
0 30863 1774 2 620 0 15921 1769 260 0 14942 5
0 30729 3007 3 93 0 15759 1751 1157 0 11295 1255 964 0 3675 1
0 30834 2041 2 553 0 15723 1747 753 0 15111 294
0 30737 2933 3 376 0 13176 1464 889 0 13149 1461 595 0 4412 8
0 30763 2694 3 683 0 12447 1383 526 0 11727 1303 419 0 6589 8
0 28080 3164 4 35 0 12285 1365 358 0 9342 1038 957 0 6453 717 812 0 0 44
0 27628 3848 4 988 0 10629 1181 170 0 8595 955 365 0 7029 781 355 0 1375 931
0 27086 4516 4 875 0 10620 1180 146 0 10539 1171 668 0 5193 577 982 0 734 1588
0 30717 3117 4 379 0 10134 1126 899 0 9045 1005 92 0 8856 984 494 0 2682 2
0 30139 3914 5 742 0 9684 1076 821 0 8181 909 162 0 6885 765 775 0 4545 505 368 0 844 659
0 10162 4141 3 1118 0 8136 904 1074 0 1944 1685 117 0 82 1552
0 9900 1647 2 299 0 6102 678 863 0 3798 969
0 9945 1105 2 582 0 5040 560 1001 0 4905 545
0 829 965 1 445 0 829 965
0 193 2335 2 788 0 173 799 191 0 20 1536
-1
33 17
0 30847 1921 2 39 0 17289 1921 676 0 13558 0
0 30854 1857 2 871 0 16695 1855 993 0 14159 2
0 30856 1839 2 1026 0 16506 1834 731 0 14350 5
0 30692 3347 3 518 0 16425 1825 758 0 13698 1522 834 0 569 0
0 30861 1793 2 10 0 16128 1792 507 0 14733 1
0 30782 2519 3 1020 0 12537 1393 711 0 10089 1121 1087 0 8156 5
0 30765 2676 3 1038 0 11997 1333 1102 0 12033 1337 639 0 6735 6
0 30696 3311 4 373 0 11682 1298 565 0 9585 1065 815 0 8487 943 32 0 942 5
0 30784 2501 3 710 0 11187 1243 870 0 11277 1253 323 0 8320 5
0 30724 3053 4 1116 0 10908 1212 866 0 9171 1019 1070 0 7389 821 830 0 3256 1
0 30795 2400 3 791 0 10764 1196 688 0 10827 1203 1194 0 9204 1
0 30756 2759 4 840 0 9450 1050 559 0 7947 883 950 0 7380 820 96 0 5979 6
0 30762 2703 4 1092 0 8451 939 922 0 8406 934 561 0 7416 824 470 0 6489 6
0 23964 4459 5 483 0 7938 882 220 0 7866 874 783 0 5697 677 419 0 2074 1371 1030 0 389 655
0 17487 1943 3 1004 0 6642 738 902 0 5490 610 978 0 5355 595
0 5202 578 1 391 0 5202 578
0 4587 3391 2 540 0 3080 1792 112 0 1507 1599
-1
34 14
0 30847 1921 2 912 0 17280 1920 629 0 13567 1
0 30850 1894 2 173 0 17028 1892 45 0 13822 2
0 30859 1811 2 405 0 16281 1809 349 0 14578 2
0 30866 1747 2 747 0 15642 1738 1069 0 15224 9
0 30716 3127 3 611 0 14814 1646 616 0 13320 1480 268 0 2582 1
0 30797 2381 3 295 0 10944 1216 485 0 10476 1164 942 0 9377 1
0 25142 6527 6 394 0 9225 1025 864 0 6966 774 210 0 5778 642 317 0 2982 1062 672 0 175 1535 546 0 16 1489
0 18742 2425 4 564 0 6894 766 265 0 5256 584 1095 0 4689 521 789 0 1903 554
0 6031 2213 2 360 0 5715 635 1054 0 316 1578
0 6506 2161 3 1009 0 5013 557 305 0 1450 950 560 0 43 654
0 5391 599 1 646 0 5391 599
0 5102 3430 3 473 0 4842 538 843 0 260 1591 261 0 0 1301
0 7021 5304 3 945 0 3729 1899 654 0 2022 1721 1025 0 1270 1684
0 5025 2546 2 216 0 2739 823 325 0 2286 1723
-1
35 14
0 30840 1986 2 686 0 17811 1979 278 0 13029 7
0 30841 1977 2 463 0 17757 1973 976 0 13084 4
0 30863 1774 2 891 0 15966 1774 1100 0 14897 0
0 30741 2897 3 142 0 13410 1490 126 0 12591 1399 216 0 4740 8
0 30752 2795 3 236 0 12537 1393 1198 0 12600 1400 414 0 5615 2
0 18166 2780 3 78 0 11619 1291 97 0 4572 508 341 0 1975 981
0 30688 3384 4 876 0 11034 1226 1060 0 9675 1075 887 0 9720 1080 771 0 259 3
0 30798 2372 3 153 0 10881 1209 342 0 10422 1158 44 0 9495 5
0 30698 3292 4 1057 0 10557 1173 842 0 9936 1104 222 0 9072 1008 317 0 1133 7
0 17262 1918 2 179 0 9531 1059 678 0 7731 859
0 23748 4559 4 798 0 9315 1035 435 0 7875 875 691 0 6487 784 800 0 71 1865
0 14091 2939 3 1175 0 7283 1170 63 0 6588 732 1010 0 220 1037
0 11270 3082 3 790 0 4799 894 677 0 4716 524 386 0 1755 1664
0 6365 2157 2 614 0 4644 516 976 0 1721 1641
-1
36 11
0 30841 1977 2 709 0 17730 1970 759 0 13111 7
0 30850 1894 2 927 0 17019 1891 800 0 13831 3
0 30852 1875 2 378 0 16803 1867 755 0 14049 8
0 30853 1866 2 1155 0 16749 1861 438 0 14104 5
0 30858 1820 2 917 0 16362 1818 961 0 14496 2
0 30696 3311 3 148 0 15507 1723 949 0 14229 1581 992 0 960 7
0 30643 3798 4 684 0 12906 1434 943 0 10494 1166 149 0 5559 1193 523 0 1684 5
0 20281 3936 3 364 0 11079 1231 577 0 9126 1014 24 0 76 1691
0 30701 3265 4 593 0 10044 1116 956 0 10035 1115 233 0 9297 1033 392 0 1325 1
0 30734 2961 5 441 0 9423 1047 330 0 5787 643 114 0 5733 637 653 0 5634 626 442 0 4157 8
0 3218 3500 2 198 0 2815 1800 1100 0 403 1700
-1
37 14
0 30839 1995 2 491 0 17883 1987 1075 0 12956 8
0 30849 1903 2 484 0 17091 1899 1041 0 13758 4
0 30852 1875 2 1139 0 16848 1872 403 0 14004 3
0 30860 1802 2 29 0 16164 1796 273 0 14696 6
0 30711 3173 3 1141 0 15921 1769 184 0 12564 1396 830 0 2226 8
0 30748 2832 3 413 0 12960 1440 1162 0 12492 1388 656 0 5296 4
0 30753 2786 3 479 0 12969 1441 609 0 12042 1338 797 0 5742 7
0 30759 2731 3 448 0 12888 1432 1167 0 11637 1293 106 0 6234 6
0 23823 2647 3 328 0 10728 1192 1165 0 6975 775 1121 0 6120 680
0 30702 3255 4 200 0 10728 1192 619 0 9378 1042 82 0 9126 1014 669 0 1470 7
0 30712 3163 4 197 0 10170 1130 316 0 9216 1024 634 0 9054 1006 826 0 2272 3
0 26595 3586 5 1033 0 8523 947 255 0 6606 734 1134 0 6165 685 1091 0 5301 589 979 0 0 631
0 29145 4260 5 188 0 8460 940 794 0 7119 791 25 0 6534 726 1138 0 6525 725 1194 0 507 1078
0 196 3146 2 579 0 166 1534 1110 0 30 1612
-1
38 11
0 30840 1986 2 1002 0 17829 1981 669 0 13011 5
0 30846 1931 2 286 0 17307 1923 648 0 13539 8
0 30848 1912 2 282 0 17199 1911 61 0 13649 1
0 30854 1857 2 437 0 16650 1850 828 0 14204 7
0 30857 1829 2 910 0 16452 1828 17 0 14405 1
0 30695 3320 3 250 0 15867 1763 1014 0 14013 1557 767 0 815 0
0 30714 3145 3 748 0 15831 1759 605 0 12447 1383 834 0 2436 3
0 30753 2786 3 835 0 12663 1407 73 0 12357 1373 339 0 5733 6
0 30765 2676 3 1117 0 12573 1397 549 0 11475 1275 102 0 6717 4
0 30689 3375 5 474 0 8793 977 136 0 8631 959 459 0 8208 912 382 0 4671 519 786 0 386 8
0 19160 5163 5 1136 0 7506 834 1199 0 5625 625 193 0 3004 983 701 0 2796 1013 1069 0 229 1708
-1
39 13
0 30839 1995 2 778 0 17937 1993 969 0 12902 2
0 30841 1977 2 1061 0 17730 1970 786 0 13111 7
0 30849 1903 2 190 0 17082 1898 638 0 13767 5
0 30862 1783 2 411 0 16038 1782 87 0 14824 1
0 30866 1747 2 120 0 15714 1746 24 0 15152 1
0 30867 1737 2 1146 0 15606 1734 306 0 15261 3
0 30698 3292 3 481 0 14895 1655 584 0 14670 1630 186 0 1133 7
0 30745 2860 4 911 0 12420 1380 464 0 7038 782 776 0 6282 698 741 0 5005 0
0 23270 5142 5 423 0 11007 1223 1096 0 4635 515 337 0 4527 503 354 0 3101 1851 756 0 0 1050
0 30803 2326 3 8 0 10503 1167 1111 0 10413 1157 854 0 9887 2
0 30748 2832 4 890 0 9594 1066 1127 0 8163 907 1016 0 7659 851 433 0 5332 8
0 19409 3121 4 307 0 9126 1014 266 0 5760 640 466 0 4350 500 822 0 173 967
0 18648 3625 4 726 0 6300 700 1085 0 6282 698 980 0 5121 569 403 0 945 1658
-1
40 14
0 30838 2004 2 805 0 17964 1996 392 0 12874 8
0 30843 1958 2 1063 0 17577 1953 947 0 13266 5
0 30843 1958 2 874 0 17595 1955 386 0 13248 3
0 30847 1921 2 1076 0 17262 1918 727 0 13585 3
0 30849 1903 2 659 0 17127 1903 496 0 13722 0
0 30702 3255 3 931 0 15777 1753 492 0 13446 1494 289 0 1479 8
0 30775 2584 3 930 0 12033 1337 1098 0 11205 1245 965 0 7537 2
0 30694 3329 4 894 0 11394 1266 1130 0 10197 1133 1072 0 8334 926 32 0 769 4
0 25199 6378 6 74 0 11124 1236 65 0 7515 835 966 0 4509 501 1087 0 1267 1042 923 0 780 1667 854 0 4 1097
0 26811 2979 3 545 0 10017 1113 570 0 9972 1108 990 0 6822 758
0 16224 3763 3 681 0 8892 988 493 0 6694 1058 590 0 638 1717
0 16794 2581 3 321 0 8469 941 733 0 8325 925 585 0 0 715
0 529 3227 2 206 0 520 1673 631 0 9 1554
0 704 2495 2 53 0 448 951 642 0 256 1544
-1
