1 4
79 2532 602 1 9 79 2532 602
83 2637 0 1 9 83 2637 0
83 2637 0 1 8 83 2637 0
83 2637 0 1 10 83 2637 0
-1
2 3
52 1563 723 1 8 52 1563 723
55 1646 244 1 1 55 1646 244
65 1686 0 2 4 57 1437 0 1 8 249 0
-1
3 2
28 1030 374 1 6 28 1030 374
30 1095 0 1 6 30 1095 0
-1
4 7
0 3334 823 1 7 0 3334 823
0 3366 644 1 2 0 3366 644
0 3384 542 1 4 0 3384 542
0 3329 853 1 5 0 3329 853
0 3353 715 1 10 0 3353 715
0 3409 397 1 3 0 3409 397
0 1447 0 2 5 0 1085 0 10 0 362 0
-1
5 5
0 3263 0 1 7 0 3263 0
0 3263 0 1 5 0 3263 0
0 3263 0 3 2 0 2430 0 7 0 810 0 1 0 23 0
0 2259 0 2 8 0 2172 0 9 0 87 0
0 1398 0 2 6 0 1183 0 1 0 215 0
-1
