1 5
32 32035 3563 3 44 15 15420 1715 26 10 8828 982 162 7 7787 866
38 47885 5676 6 170 15 12855 1430 152 11 11572 1287 107 7 10073 1120 90 4 9932 1104 93 1 3453 728 185 0 0 7
27 12646 929 2 118 15 8346 929 64 12 4300 0
28 14561 1609 2 57 15 7365 820 122 13 7196 789
28 6503 672 2 145 15 6033 672 4 13 470 0
-1
2 4
0 39528 4392 3 52 0 17289 1921 173 0 11295 1255 71 0 10944 1216
0 47869 6074 5 156 0 16119 1791 80 0 13302 1478 38 0 13041 1449 125 0 5407 1346 119 0 0 10
0 16155 1788 2 131 0 11331 1259 185 0 4824 529
0 6192 688 1 74 0 6192 688
-1
3 9
0 47897 5688 4 63 0 17784 1976 146 0 17505 1945 59 0 12608 1757 119 0 0 10
0 47893 5730 3 20 0 17415 1935 120 0 17208 1912 186 0 13270 1883
0 47919 5384 4 132 0 17307 1923 109 0 17073 1897 4 0 13539 1558 169 0 0 6
0 39119 3938 4 168 0 15894 1766 192 0 10125 1125 32 0 9423 1047 186 0 3677 0
0 47888 5812 5 12 0 14562 1618 69 0 14130 1570 193 0 12942 1438 64 0 6254 1174 104 0 0 12
0 13959 1551 1 67 0 13959 1551
0 13878 1542 1 22 0 13878 1542
0 21195 2355 2 176 0 12564 1396 85 0 8631 959
0 11970 1330 1 163 0 11970 1330
-1
4 4
0 46764 5184 5 97 0 15660 1740 184 0 15129 1681 92 0 5445 605 165 0 5319 591 104 0 5211 567
0 47871 6046 5 141 0 14796 1644 78 0 14481 1609 177 0 13482 1498 84 0 5112 1285 153 0 0 10
0 46260 5140 4 89 0 14328 1592 53 0 12096 1344 98 0 10359 1151 139 0 9477 1053
0 46008 5102 6 75 0 12015 1335 16 0 9333 1037 117 0 7830 870 153 0 6597 723 199 0 5589 621 62 0 4644 516
-1
5 5
0 44199 4911 4 30 0 17154 1906 6 0 14022 1558 187 0 7002 778 15 0 6021 669
0 36771 3284 4 142 0 13194 1466 37 0 10476 1164 100 0 7215 0 41 0 5886 654
0 40428 4484 4 11 0 12753 1417 43 0 9684 1068 157 0 9279 1031 130 0 8712 968
0 14265 1585 2 35 0 7713 857 95 0 6552 728
0 8156 562 2 14 0 5058 562 93 0 3098 0
-1
6 2
0 47865 6129 5 72 0 14787 1643 183 0 14409 1601 18 0 13500 1500 100 0 5169 1376 119 0 0 9
0 11277 1253 2 58 0 5976 664 1 0 5301 589
-1
7 4
0 42138 4682 3 29 0 15606 1734 68 0 13698 1522 148 0 12834 1426
0 41850 4650 4 154 0 13365 1485 195 0 12573 1397 196 0 8469 941 135 0 7443 827
0 37800 4200 4 112 0 12708 1412 134 0 10008 1112 73 0 8712 968 164 0 6372 708
0 646 0 1 108 0 646 0
-1
8 4
0 47892 5757 6 155 0 16335 1815 159 0 10548 1172 169 0 9819 1085 65 0 8658 962 110 0 2532 711 119 0 0 12
0 37935 4215 4 17 0 15156 1684 161 0 12357 1373 46 0 5481 609 39 0 4941 549
0 14951 793 2 194 0 7814 0 138 0 7137 793
0 12245 690 2 136 0 6210 690 182 0 6035 0
-1
9 5
0 47457 5273 3 28 0 17514 1946 190 0 16488 1832 127 0 13455 1495
0 47860 6198 5 178 0 16290 1810 123 0 16119 1791 23 0 15228 1692 194 0 223 893 122 0 0 12
0 44946 4994 4 2 0 15057 1673 149 0 10890 1210 49 0 9972 1108 96 0 9027 1003
0 23049 2561 2 81 0 14481 1609 36 0 8568 952
0 11403 1267 1 128 0 11403 1267
-1
10 4
0 41274 4586 3 82 0 17469 1941 94 0 14049 1561 103 0 9756 1084
0 44379 4931 4 101 0 17109 1901 24 0 11655 1295 121 0 9522 1058 151 0 6093 677
0 46404 5156 4 150 0 16056 1784 61 0 14013 1557 27 0 8280 920 34 0 8055 895
0 24480 2720 2 86 0 12501 1389 115 0 11979 1331
-1
11 7
0 32220 3580 2 160 0 17388 1932 88 0 14832 1648
0 29034 3226 2 50 0 16686 1854 102 0 12348 1372
0 18927 2103 2 172 0 14310 1590 114 0 4617 513
0 19899 2211 2 126 0 12033 1337 167 0 7866 874
0 18882 2098 2 99 0 10161 1129 171 0 8721 969
0 13959 1551 2 175 0 8757 973 10 0 5202 578
0 7191 799 1 181 0 7191 799
-1
12 5
0 47918 5398 4 8 0 17226 1914 40 0 16362 1818 108 0 14330 1664 119 0 0 2
0 47865 6129 5 48 0 17073 1897 91 0 13365 1485 179 0 12987 1443 143 0 4440 1296 43 0 0 8
0 8514 946 1 191 0 8514 946
0 6957 773 1 3 0 6957 773
0 3867 0 1 110 0 3867 0
-1
13 7
0 46962 5218 3 19 0 17451 1939 33 0 17298 1922 5 0 12213 1357
0 47875 5990 4 105 0 16038 1782 87 0 13752 1528 133 0 13356 1484 182 0 4729 1196
0 16057 1428 2 137 0 12852 1428 59 0 3205 0
0 46827 5203 5 25 0 11223 1247 140 0 10692 1188 42 0 10881 1209 83 0 7659 851 76 0 6372 708
0 20054 1483 3 144 0 8397 933 125 0 6707 0 77 0 4950 550
0 6453 0 1 84 0 6453 0
0 5958 662 1 106 0 5958 662
-1
14 6
0 27612 3068 2 129 0 16785 1865 13 0 10827 1203
0 39672 4408 3 31 0 16173 1797 198 0 13959 1551 147 0 9540 1060
0 12033 1337 1 45 0 12033 1337
0 9810 1090 1 54 0 9810 1090
0 18474 1207 3 143 0 7224 0 66 0 6588 732 119 0 4662 475
0 6444 716 1 47 0 6444 716
-1
15 8
0 46179 5131 4 56 0 17334 1926 79 0 16605 1845 124 0 6966 774 174 0 5274 586
0 45639 5071 3 166 0 16974 1886 116 0 15498 1722 113 0 13167 1463
0 20925 2325 2 188 0 16164 1796 197 0 4761 529
0 42021 4669 4 158 0 13977 1553 60 0 11988 1332 9 0 9630 1070 7 0 6426 714
0 12078 1342 1 21 0 12078 1342
0 22581 2509 2 51 0 11988 1332 200 0 10593 1177
0 30213 3357 3 70 0 10881 1209 189 0 10440 1160 111 0 8892 988
0 13473 1497 2 55 0 7731 859 180 0 5742 638
-1
