1 22
0 1730 790 2 711 0 1730 789 202 0 0 1
0 1753 705 1 1072 0 1753 705
0 1811 493 1 296 0 1811 493
0 1879 243 1 938 0 1879 243
0 1866 291 1 165 0 1866 291
0 1838 394 2 1017 0 1838 393 1158 0 0 1
0 1840 387 2 1174 0 1840 385 1066 0 0 2
0 1858 321 1 987 0 1858 321
0 1945 3 2 283 0 1945 0 1052 0 0 3
0 1945 0 1 408 0 1945 0
0 1945 0 1 1085 0 1945 0
0 1945 0 1 1193 0 1945 0
0 1945 0 1 181 0 1945 0
0 1945 3 2 1019 0 1945 0 1066 0 0 3
0 1945 3 2 179 0 1945 0 1066 0 0 3
0 1752 709 2 1142 0 1752 708 589 0 0 1
0 1746 731 2 600 0 1746 729 710 0 0 2
0 1780 607 2 777 0 1780 605 411 0 0 2
0 1745 735 2 403 0 1745 734 110 0 0 1
0 1797 545 1 1169 0 1797 545
0 1839 391 2 448 0 1839 390 341 0 0 1
0 1910 128 2 188 0 1219 0 650 0 691 128
-1
2 22
0 2237 936 2 998 0 2237 935 1072 0 0 1
0 2292 735 2 1107 0 2292 734 446 0 0 1
0 2334 581 2 508 0 2334 580 284 0 0 1
0 2331 592 2 162 0 2331 591 537 0 0 1
0 2369 452 1 982 0 2369 452
0 2379 417 2 978 0 2379 415 881 0 0 2
0 2376 428 2 722 0 2376 427 1158 0 0 1
0 2394 362 2 91 0 2394 360 1066 0 0 2
0 2416 281 1 537 0 2416 281
0 2317 644 1 959 0 2317 644
0 2493 0 1 181 0 2493 0
0 2493 0 1 208 0 2493 0
0 2236 940 2 525 0 2236 938 29 0 0 2
0 2493 0 1 311 0 2493 0
0 2246 904 2 385 0 2246 903 521 0 0 1
0 2246 904 2 236 0 2246 903 690 0 0 1
0 2223 988 2 476 0 2223 987 1099 0 0 1
0 2493 0 1 1013 0 2493 0
0 2246 904 2 745 0 2246 902 319 0 0 2
0 2493 0 1 387 0 2493 0
0 2493 0 2 56 0 1303 0 296 0 1190 0
0 2475 0 3 772 0 1179 0 711 0 1033 0 1072 0 263 0
-1
3 18
0 1463 952 1 850 0 1463 952
0 1485 871 1 127 0 1485 871
0 1482 882 1 607 0 1482 882
0 1493 842 2 549 0 1493 841 1010 0 0 1
0 1496 831 1 116 0 1496 831
0 1505 798 1 1023 0 1505 798
0 1481 886 1 143 0 1481 886
0 1457 974 2 855 0 1457 972 882 0 0 2
0 1468 934 2 694 0 1468 933 777 0 0 1
0 1510 780 2 542 0 1510 777 1046 0 0 3
0 1479 893 2 779 0 1479 891 1121 0 0 2
0 1474 912 2 465 0 1474 911 600 0 0 1
0 1475 908 2 401 0 1475 906 298 0 0 2
0 1521 740 2 85 0 1521 739 258 0 0 1
0 1468 934 2 1070 0 1468 932 55 0 0 2
0 1489 857 1 577 0 1489 857
0 1460 963 2 494 0 1460 962 163 0 0 1
0 1664 214 1 886 0 1664 214
-1
4 49
0 353 880 2 1153 0 353 879 189 0 0 1
0 368 825 1 841 0 368 825
0 417 645 1 844 0 417 645
0 431 592 1 1007 0 431 592
0 474 436 1 811 0 474 436
0 505 322 1 189 0 505 322
0 536 208 1 781 0 536 208
0 553 147 1 657 0 553 147
0 532 224 1 180 0 532 224
0 502 335 1 483 0 502 335
0 593 0 1 781 0 593 0
0 593 0 1 781 0 593 0
0 593 0 1 329 0 593 0
0 593 0 1 657 0 593 0
0 593 0 1 844 0 593 0
0 593 0 1 243 0 593 0
0 593 0 1 189 0 593 0
0 593 0 1 58 0 593 0
0 593 0 1 1064 0 593 0
0 593 0 1 841 0 593 0
0 562 114 1 559 0 562 114
0 593 0 1 903 0 593 0
0 593 0 1 251 0 593 0
0 593 0 1 251 0 593 0
0 593 0 1 352 0 593 0
0 563 112 1 482 0 563 112
0 593 0 1 962 0 593 0
0 593 0 1 532 0 593 0
0 593 0 1 105 0 593 0
0 593 0 1 486 0 593 0
0 593 0 1 184 0 593 0
0 593 0 1 379 0 593 0
0 593 0 1 1055 0 593 0
0 593 0 1 1055 0 593 0
0 593 0 2 348 0 578 0 1153 0 15 0
0 557 132 1 732 0 557 132
0 593 0 1 535 0 593 0
0 593 0 1 821 0 593 0
0 557 131 1 741 0 557 131
0 593 0 1 97 0 593 0
0 593 0 1 209 0 593 0
0 593 0 1 216 0 593 0
0 593 0 1 840 0 593 0
0 593 0 1 842 0 593 0
0 593 0 1 764 0 593 0
0 593 0 1 647 0 593 0
0 593 0 1 495 0 593 0
0 593 0 1 732 0 593 0
0 593 0 2 1064 0 514 0 58 0 79 0
-1
5 20
0 2253 999 1 1139 0 2253 999
0 2299 832 1 581 0 2299 832
0 2321 750 1 852 0 2321 750
0 2291 862 2 547 0 2291 860 603 0 0 2
0 2280 902 2 684 0 2280 901 958 0 0 1
0 2355 628 2 289 0 2355 625 958 0 0 3
0 2319 760 1 1056 0 2319 760
0 2298 837 2 1137 0 2298 836 603 0 0 1
0 2357 621 2 894 0 2357 620 614 0 0 1
0 2307 804 1 69 0 2307 804
0 2344 668 2 1078 0 2344 667 603 0 0 1
0 2307 804 2 240 0 2307 803 198 0 0 1
0 2384 522 2 1199 0 2384 521 799 0 0 1
0 2308 800 1 1004 0 2308 800
0 2398 471 2 923 0 2398 469 629 0 0 2
0 2395 482 1 646 0 2395 482
0 2410 427 1 940 0 2410 427
0 2526 0 1 159 0 2526 0
0 2526 0 2 1139 0 1328 0 297 0 1198 0
0 885 0 1 849 0 885 0
-1
6 46
0 1358 763 1 532 0 1358 763
0 1383 670 1 1048 0 1383 670
0 1430 498 1 170 0 1430 498
0 1417 547 1 398 0 1417 547
0 1483 304 1 251 0 1483 304
0 1479 318 1 249 0 1479 318
0 1393 634 1 640 0 1393 634
0 1454 413 1 788 0 1454 413
0 1466 367 1 790 0 1466 367
0 1566 0 1 170 0 1566 0
0 1566 0 1 1007 0 1566 0
0 1566 0 1 1007 0 1566 0
0 1566 0 1 1007 0 1566 0
0 1566 0 1 36 0 1566 0
0 1566 0 1 532 0 1566 0
0 1566 0 1 532 0 1566 0
0 1566 0 1 532 0 1566 0
0 1566 0 1 1048 0 1566 0
0 1566 0 1 1048 0 1566 0
0 1566 0 1 398 0 1566 0
0 1566 0 1 398 0 1566 0
0 1566 0 1 1196 0 1566 0
0 1514 193 2 287 0 1514 191 482 0 0 2
0 1566 0 1 141 0 1566 0
0 1566 0 1 821 0 1566 0
0 1566 0 1 788 0 1566 0
0 1566 0 1 790 0 1566 0
0 1488 286 1 712 0 1488 286
0 1460 391 1 609 0 1460 391
0 1566 0 1 640 0 1566 0
0 1566 0 1 247 0 1566 0
0 1512 200 1 341 0 1512 200
0 1566 0 1 582 0 1566 0
0 1566 0 1 127 0 1566 0
0 1566 0 1 859 0 1566 0
0 1566 0 1 423 0 1566 0
0 1566 0 1 423 0 1566 0
0 1566 0 1 679 0 1566 0
0 1488 288 1 634 0 1488 288
0 1461 387 1 720 0 1461 387
0 1479 321 1 1051 0 1479 321
0 1566 0 1 322 0 1566 0
0 1566 0 1 322 0 1566 0
0 1431 497 1 917 0 1431 497
0 1442 456 1 206 0 1442 456
0 1112 0 3 505 0 846 0 1007 0 199 0 251 0 67 0
-1
7 32
0 2505 732 1 772 0 2505 732
0 2583 445 1 135 0 2583 445
0 2502 743 2 1011 0 2502 741 1158 0 0 2
0 2519 681 2 311 0 2519 678 1066 0 0 3
0 2569 498 1 893 0 2569 498
0 2611 343 1 419 0 2611 343
0 2568 502 1 142 0 2568 502
0 2705 0 1 363 0 2705 0
0 2705 0 1 367 0 2705 0
0 2705 0 1 367 0 2705 0
0 2705 0 1 1139 0 2705 0
0 2705 0 1 1139 0 2705 0
0 2705 0 1 536 0 2705 0
0 2705 0 1 536 0 2705 0
0 2705 0 1 1090 0 2705 0
0 2705 0 1 1090 0 2705 0
0 2705 0 1 581 0 2705 0
0 2705 0 1 159 0 2705 0
0 2705 0 1 1011 0 2705 0
0 2705 0 1 331 0 2705 0
0 2705 0 1 246 0 2705 0
0 2705 0 1 129 0 2705 0
0 2705 0 1 966 0 2705 0
0 2705 0 1 289 0 2705 0
0 2705 0 1 553 0 2705 0
0 2564 516 2 70 0 2564 515 428 0 0 1
0 2486 802 2 669 0 2486 801 428 0 0 1
0 2609 352 1 1061 0 2609 352
0 2563 520 2 1005 0 2563 517 441 0 0 3
0 2705 0 1 1030 0 2705 0
0 2705 0 1 413 0 2705 0
0 1018 0 2 161 0 791 0 536 0 227 0
-1
8 34
0 2183 610 1 75 0 2183 610
0 2169 664 2 602 0 2169 661 447 0 0 3
0 2206 529 2 239 0 2206 527 438 0 0 2
0 2217 486 1 550 0 2217 486
0 2270 294 1 672 0 2270 294
0 2234 425 1 26 0 2234 425
0 2350 0 1 984 0 2350 0
0 2350 0 1 972 0 2350 0
0 2350 0 1 1109 0 2350 0
0 2350 0 1 1109 0 2350 0
0 2350 0 1 493 0 2350 0
0 2350 0 1 1144 0 2350 0
0 2350 0 1 1144 0 2350 0
0 2350 0 1 660 0 2350 0
0 2350 0 1 40 0 2350 0
0 2350 0 1 648 0 2350 0
0 2350 0 1 914 0 2350 0
0 2350 2 2 15 0 2350 0 481 0 0 2
0 2350 0 1 975 0 2350 0
0 2350 0 1 458 0 2350 0
0 2350 0 1 817 0 2350 0
0 2350 0 1 1034 0 2350 0
0 2350 0 1 269 0 2350 0
0 2350 0 1 850 0 2350 0
0 2350 2 2 1010 0 2350 0 1092 0 0 2
0 2350 0 1 461 0 2350 0
0 2350 0 1 640 0 2350 0
0 2266 309 2 1121 0 2266 306 981 0 0 3
0 2265 313 2 942 0 2265 311 1104 0 0 2
0 2350 0 1 404 0 2350 0
0 2350 0 1 995 0 2350 0
0 2266 308 1 710 0 2266 308
0 2350 0 1 930 0 2350 0
0 2350 0 2 607 0 1827 0 298 0 523 0
-1
9 24
8 2183 868 2 1109 8 2183 865 648 0 0 3
8 2169 917 1 1097 8 2169 917
8 2222 724 1 828 8 2222 724
8 2265 568 2 817 8 2264 568 458 0 1 0
8 2265 567 1 269 8 2265 567
8 2330 329 1 827 8 2330 329
8 2281 510 2 1141 8 2280 510 827 0 1 0
8 2204 791 2 1130 8 2204 790 488 0 0 1
8 2235 678 2 530 8 2235 675 132 0 0 3
8 2235 678 2 916 8 2234 678 1000 0 1 0
8 2249 627 2 293 8 2248 627 1106 0 1 0
8 2188 850 2 1 8 2188 847 915 0 0 3
8 2214 755 2 1149 8 2214 752 521 0 0 3
8 2201 801 1 644 8 2201 801
9 2420 0 1 908 9 2420 0
9 2420 0 1 908 9 2420 0
8 2223 722 2 898 8 2223 721 1099 0 0 1
8 2320 365 1 498 8 2320 365
8 2256 601 2 1102 8 2256 600 163 0 0 1
8 2212 762 1 736 8 2212 762
8 2233 685 1 915 8 2233 685
8 2187 854 2 1123 8 2187 852 521 0 0 2
8 2194 828 2 527 8 2194 825 523 0 0 3
18 2039 0 3 908 9 750 0 660 6 743 0 534 3 546 0
-1
10 28
0 1083 985 1 310 0 1083 985
0 1083 984 1 199 0 1083 984
0 1159 707 1 188 0 1159 707
0 1157 713 1 48 0 1157 713
0 1217 495 2 245 0 1217 494 870 0 0 1
0 1214 506 2 506 0 1214 503 870 0 0 3
0 1217 495 2 980 0 1217 493 721 0 0 2
0 1278 272 2 33 0 1278 271 870 0 0 1
0 1302 184 2 16 0 1302 181 193 0 0 3
0 1299 194 1 970 0 1299 194
0 1294 213 2 721 0 1294 211 870 0 0 2
0 1247 385 2 450 0 1247 382 870 0 0 3
0 1311 150 1 113 0 1311 150
0 1294 213 1 566 0 1294 213
0 1352 0 1 993 0 1352 0
0 1352 0 1 310 0 1352 0
0 1352 0 1 794 0 1352 0
0 1352 0 1 199 0 1352 0
0 1352 0 1 1162 0 1352 0
0 1352 0 1 188 0 1352 0
0 1352 1 2 459 0 1352 0 870 0 0 1
0 1218 491 2 1049 0 1218 488 870 0 0 3
0 1189 597 2 23 0 1189 596 313 0 0 1
0 1352 1 2 516 0 1352 0 870 0 0 1
0 1102 916 1 789 0 1102 916
0 1352 1 2 450 0 1352 0 870 0 0 1
0 1241 407 1 596 0 1241 407
0 1175 111 2 193 0 1026 111 242 0 149 0
-1
11 24
320 944 924 2 536 320 944 921 161 0 0 3
329 969 823 2 105 329 969 821 65 0 0 2
326 962 852 2 108 326 962 849 56 0 0 3
324 955 880 2 1059 324 955 878 331 0 0 2
329 969 823 1 413 329 969 823
336 992 732 2 1030 336 992 731 45 0 0 1
339 1001 696 2 553 339 1001 695 78 0 0 1
349 1029 583 2 315 349 1029 582 276 0 0 1
329 969 823 1 668 329 969 823
360 1062 450 2 344 360 1062 448 804 0 0 2
359 1059 462 2 966 359 1059 460 17 0 0 2
365 1077 390 2 276 365 1077 389 804 0 0 1
333 981 775 2 563 333 981 773 45 0 0 2
343 1013 648 2 95 343 1013 646 382 0 0 2
382 1125 195 1 804 382 1125 195
398 1174 0 1 555 398 1174 0
398 1174 0 1 65 398 1174 0
369 1088 346 1 316 369 1088 346
349 1028 586 2 699 349 1028 585 629 0 0 1
373 1100 298 2 1067 373 1100 295 840 0 0 3
344 1014 643 2 35 344 1014 641 1061 0 0 2
376 1109 262 2 332 376 1109 260 840 0 0 2
376 1107 269 2 335 376 1107 267 799 0 0 2
123 0 0 1 773 123 0 0
-1
12 39
0 1138 915 1 1090 0 1138 915
0 1212 643 1 363 0 1212 643
0 1292 352 2 65 0 1292 350 773 0 0 2
0 1310 284 1 297 0 1310 284
0 1324 232 1 161 0 1324 232
0 1337 186 1 1131 0 1337 186
0 1341 172 1 440 0 1341 172
0 1346 155 1 168 0 1346 155
0 1344 161 1 773 0 1344 161
0 1388 0 1 135 0 1388 0
0 1335 195 1 680 0 1335 195
0 1388 0 1 536 0 1388 0
0 1336 191 1 1073 0 1336 191
0 1338 181 1 1158 0 1338 181
0 1388 0 1 1090 0 1388 0
0 1388 0 1 852 0 1388 0
0 1388 0 1 202 0 1388 0
0 1388 0 1 581 0 1388 0
0 1388 0 1 722 0 1388 0
0 1388 0 1 501 0 1388 0
0 1388 0 1 1017 0 1388 0
0 1388 0 1 159 0 1388 0
0 1388 0 1 893 0 1388 0
0 1333 202 2 78 0 1333 199 17 0 0 3
0 1388 0 1 99 0 1388 0
0 1388 0 1 142 0 1388 0
0 1388 0 1 614 0 1388 0
0 1388 1 2 246 0 1388 0 17 0 0 1
0 1340 177 2 865 0 1340 174 17 0 0 3
0 1344 162 1 309 0 1344 162
0 1335 195 1 629 0 1335 195
0 1388 0 1 1105 0 1388 0
0 1312 279 1 80 0 1312 279
0 1329 217 2 512 0 1329 216 17 0 0 1
0 1388 1 2 1199 0 1388 0 799 0 0 1
0 1388 0 1 316 0 1388 0
0 1388 1 2 360 0 1388 0 747 0 0 1
0 1388 1 2 553 0 1388 0 17 0 0 1
0 34 0 1 135 0 34 0
-1
13 34
2555 1608 957 1 40 2555 1608 957
2583 1625 866 2 268 2583 1625 865 264 0 0 1
2621 1649 739 2 238 2621 1649 736 1092 0 0 3
2689 1692 510 2 1083 2689 1692 508 264 0 0 2
2673 1682 564 2 424 2673 1682 561 1092 0 0 3
2671 1680 573 2 495 2671 1680 570 943 0 0 3
2661 1674 606 2 556 2661 1674 603 1092 0 0 3
2682 1688 532 1 835 2682 1688 532
2694 1695 494 2 1146 2694 1695 493 264 0 0 1
2841 1788 0 1 914 2841 1788 0
2841 1788 0 1 887 2841 1788 0
2688 1692 512 2 431 2688 1692 511 886 0 0 1
2666 1677 589 2 743 2666 1677 587 812 0 0 2
2841 1788 0 1 72 2841 1788 0
2841 1788 1 2 850 2841 1788 0 1092 0 0 1
2841 1788 0 1 474 2841 1788 0
2841 1788 0 1 167 2841 1788 0
2841 1788 1 2 549 2841 1788 0 1092 0 0 1
2841 1788 0 1 127 2841 1788 0
2841 1788 0 1 19 2841 1788 0
2841 1788 1 2 607 2841 1788 0 1092 0 0 1
2841 1788 0 1 679 2841 1788 0
2841 1788 0 1 1023 2841 1788 0
2841 1788 0 1 1175 2841 1788 0
2841 1788 1 2 1038 2841 1788 0 1092 0 0 1
2841 1788 0 1 116 2841 1788 0
2841 1788 0 1 263 2841 1788 0
2841 1788 0 1 1157 2841 1788 0
2841 1788 1 2 1036 2841 1788 0 280 0 0 1
2692 1694 499 1 475 2692 1694 499
2841 1788 0 1 1154 2841 1788 0
2841 1788 0 1 582 2841 1788 0
2841 1788 1 2 955 2841 1788 0 981 0 0 1
3302 0 0 3 995 2275 0 0 424 694 0 0 238 333 0 0
-1
14 28
0 2108 900 2 1196 0 2108 898 249 0 0 2
0 2086 981 2 582 0 2086 979 36 0 0 2
0 2162 700 1 1055 0 2162 700
0 2164 695 1 480 0 2164 695
0 2193 588 1 36 0 2193 588
0 2175 655 1 842 0 2175 655
0 2172 666 2 461 0 2172 663 788 0 0 3
0 2165 691 2 423 0 2165 690 925 0 0 1
0 2152 739 2 695 0 2152 737 247 0 0 2
0 2196 578 2 1186 0 2196 577 788 0 0 1
0 2134 805 1 599 0 2134 805
0 2174 656 1 322 0 2174 656
0 2217 499 1 247 0 2217 499
0 2162 702 2 1086 0 2162 700 925 0 0 2
0 2239 421 1 985 0 2239 421
0 2207 538 2 274 0 2207 536 589 0 0 2
0 2232 444 1 859 0 2232 444
0 2144 768 2 792 0 2144 766 558 0 0 2
0 2170 673 2 319 0 2170 672 712 0 0 1
0 2176 651 2 642 0 2176 649 589 0 0 2
0 2282 262 1 589 0 2282 262
0 2240 417 2 854 0 2240 415 712 0 0 2
0 2199 567 2 937 0 2199 564 386 0 0 3
0 2148 754 2 183 0 2148 751 720 0 0 3
0 2137 794 2 453 0 2137 792 826 0 0 2
0 2126 834 2 343 0 2126 833 292 0 0 1
0 2090 966 2 205 0 2090 965 909 0 0 1
0 299 0 2 532 0 218 0 1048 0 81 0
-1
15 30
0 2510 991 1 1012 0 2510 991
0 2638 520 1 794 0 2638 520
0 2580 734 1 459 0 2580 734
0 2608 629 1 200 0 2608 629
0 2606 637 1 11 0 2606 637
0 2621 584 1 339 0 2621 584
0 2681 363 1 805 0 2681 363
0 2780 0 1 310 0 2780 0
0 2780 0 1 199 0 2780 0
0 2780 0 1 199 0 2780 0
0 2780 0 1 200 0 2780 0
0 2780 0 1 11 0 2780 0
0 2780 0 1 166 0 2780 0
0 2780 0 1 166 0 2780 0
0 2780 0 1 48 0 2780 0
0 2780 2 2 144 0 2780 0 870 0 0 2
0 2780 2 2 757 0 2780 0 870 0 0 2
0 2780 2 2 757 0 2780 0 870 0 0 2
0 2780 2 2 260 0 2780 0 870 0 0 2
0 2780 2 2 1197 0 2780 0 870 0 0 2
0 2780 2 2 503 0 2780 0 870 0 0 2
0 2780 2 2 360 0 2780 0 309 0 0 2
0 2780 2 2 866 0 2780 0 870 0 0 2
0 2780 2 2 560 0 2780 0 870 0 0 2
0 2780 2 2 1059 0 2780 0 656 0 0 2
0 2780 2 2 894 0 2780 0 870 0 0 2
0 2780 2 2 62 0 2780 0 747 0 0 2
0 1143 0 1 1012 0 1143 0
0 2259 87 2 33 0 1170 0 870 0 1089 87
0 1521 0 2 310 0 1017 0 993 0 504 0
-1
16 17
0 802 888 2 914 0 802 886 204 0 0 2
0 799 899 2 19 0 799 898 447 0 0 1
0 780 968 2 856 0 780 967 269 0 0 1
0 851 709 1 458 0 851 709
0 813 848 2 301 0 813 847 26 0 0 1
0 794 917 2 639 0 794 916 481 0 0 1
0 829 789 2 1175 0 829 786 1046 0 0 3
0 793 921 2 109 0 793 919 54 0 0 2
0 842 742 2 1038 0 842 741 1092 0 0 1
0 772 998 2 568 0 772 996 973 0 0 2
0 823 811 2 376 0 823 808 498 0 0 3
0 839 753 1 1036 0 839 753
0 789 936 2 484 0 789 934 403 0 0 2
0 795 914 1 1138 0 795 914
0 785 950 2 1148 0 785 948 29 0 0 2
0 1011 120 1 415 0 1011 120
0 866 0 2 447 0 558 0 631 0 308 0
-1
17 26
0 1208 987 1 186 0 1208 987
0 1225 925 2 31 0 1225 924 68 0 0 1
0 1359 435 1 68 0 1359 435
0 1245 852 2 396 0 1245 849 605 0 0 3
0 1413 234 1 730 0 1413 234
0 1327 552 1 883 0 1327 552
0 1477 0 1 601 0 1477 0
0 1477 0 1 689 0 1477 0
0 1399 287 1 284 0 1399 287
0 1477 0 1 68 0 1477 0
0 1418 219 2 912 0 1418 217 111 0 0 2
0 1477 0 1 1181 0 1477 0
0 1477 0 1 1181 0 1477 0
0 1477 0 1 1181 0 1477 0
0 1477 0 1 358 0 1477 0
0 1477 0 1 358 0 1477 0
0 1427 184 1 528 0 1427 184
0 1477 3 2 31 0 1477 0 111 0 0 3
0 1477 0 1 31 0 1477 0
0 1425 192 1 584 0 1425 192
0 1477 0 1 1097 0 1477 0
0 1223 932 2 873 0 1223 931 312 0 0 1
0 1430 174 1 132 0 1430 174
0 1362 424 1 597 0 1362 424
0 1287 698 1 227 0 1287 698
0 1251 830 2 1100 0 1251 827 774 0 0 3
-1
18 45
0 1932 936 2 92 0 1932 933 1188 0 0 3
0 1973 786 1 1188 0 1973 786
0 1944 892 1 653 0 1944 892
0 2000 686 1 876 0 2000 686
0 2030 576 1 926 0 2030 576
0 2047 514 1 232 0 2047 514
0 2000 684 1 1000 0 2000 684
0 1986 738 1 1106 0 1986 738
0 2098 326 1 847 0 2098 326
0 2029 581 2 605 0 2029 580 584 0 0 1
0 2050 503 1 237 0 2050 503
0 2082 387 2 782 0 2082 385 584 0 0 2
0 2030 577 1 488 0 2030 577
0 2006 665 2 333 0 2006 664 132 0 0 1
0 2187 0 1 232 0 2187 0
0 2187 0 1 926 0 2187 0
0 2105 302 2 59 0 2105 300 584 0 0 2
0 2187 0 1 92 0 2187 0
0 2187 0 1 92 0 2187 0
0 2187 0 1 1097 0 2187 0
0 2187 0 1 1097 0 2187 0
0 2187 0 1 1188 0 2187 0
0 2187 0 1 1188 0 2187 0
0 2187 0 1 876 0 2187 0
0 2187 0 1 653 0 2187 0
0 2187 0 1 1112 0 2187 0
0 2187 0 1 301 0 2187 0
0 2187 0 1 396 0 2187 0
0 2187 0 1 856 0 2187 0
0 2187 0 1 856 0 2187 0
0 2187 0 1 333 0 2187 0
0 2187 0 1 1130 0 2187 0
0 2187 0 1 1130 0 2187 0
0 2187 0 1 916 0 2187 0
0 2187 0 1 293 0 2187 0
0 2187 0 1 191 0 2187 0
0 2187 0 1 191 0 2187 0
0 2187 0 1 191 0 2187 0
0 2122 239 1 521 0 2122 239
0 2030 577 1 771 0 2030 577
0 2062 460 1 785 0 2062 460
0 2033 566 2 300 0 2033 564 371 0 0 2
0 2187 0 1 597 0 2187 0
0 768 0 2 1188 0 754 0 92 0 14 0
0 229 0 1 528 0 229 0
-1
19 13
8442 0 400 1 799 8442 0 400
8514 0 325 1 603 8514 0 325
8625 57 1 1 313 8625 57 1
8625 6 188 1 831 8625 6 188
8280 0 569 1 1134 8280 0 569
8625 51 23 1 364 8625 51 23
8388 0 457 1 956 8388 0 457
8625 42 56 1 1015 8625 42 56
8625 57 1 1 308 8625 57 1
8532 0 307 1 295 8532 0 307
8262 0 588 1 1185 8262 0 588
8625 57 1 1 863 8625 57 1
1902 0 0 2 363 1870 0 0 367 32 0 0
-1
20 51
0 837 851 1 622 0 837 851
0 836 857 1 158 0 836 857
0 849 808 1 129 0 849 808
0 881 692 2 260 0 881 691 79 0 0 1
0 900 622 1 1197 0 900 622
0 950 440 1 57 0 950 440
0 955 422 1 573 0 955 422
0 960 402 1 79 0 960 402
0 976 344 1 1160 0 976 344
0 952 433 1 331 0 952 433
0 971 360 1 516 0 971 360
0 941 470 1 1003 0 941 470
0 1031 144 1 795 0 1031 144
0 986 308 1 614 0 986 308
0 1070 0 1 622 0 1070 0
0 1070 0 1 622 0 1070 0
0 1070 0 1 622 0 1070 0
0 1070 0 1 622 0 1070 0
0 1070 0 1 622 0 1070 0
0 1070 0 1 622 0 1070 0
0 1070 0 1 57 0 1070 0
0 1070 0 1 158 0 1070 0
0 1070 0 1 158 0 1070 0
0 1070 0 1 158 0 1070 0
0 1070 0 1 573 0 1070 0
0 1070 0 1 581 0 1070 0
0 1070 0 1 79 0 1070 0
0 1070 0 1 79 0 1070 0
0 1070 0 1 1160 0 1070 0
0 1070 0 1 1197 0 1070 0
0 1036 125 1 656 0 1036 125
0 1070 0 1 260 0 1070 0
0 1040 111 1 17 0 1040 111
0 1070 0 1 1105 0 1070 0
0 1070 0 1 1026 0 1070 0
0 1070 0 1 560 0 1070 0
0 1070 0 2 1160 0 1050 0 79 0 20 0
0 1070 0 1 1059 0 1070 0
0 1040 109 2 747 0 1008 109 1197 0 32 0
0 1070 0 2 961 0 1049 0 129 0 21 0
0 1070 0 1 62 0 1070 0
0 1070 0 1 62 0 1070 0
0 1070 0 1 1060 0 1070 0
0 1070 0 1 1060 0 1070 0
0 1070 1 2 315 0 1070 0 799 0 0 1
0 1038 118 2 428 0 1038 117 799 0 0 1
0 998 262 1 175 0 998 262
0 1070 1 2 1067 0 1070 0 799 0 0 1
0 1070 0 1 80 0 1070 0
0 1070 0 2 158 0 763 0 57 0 307 0
0 402 0 1 622 0 402 0
-1
21 31
0 1087 859 1 377 0 1087 859
0 1157 603 1 467 0 1157 603
0 1158 598 1 362 0 1158 598
0 1247 274 1 798 0 1247 274
0 1199 449 1 1013 0 1199 449
0 1227 348 1 446 0 1227 348
0 1259 230 1 456 0 1259 230
0 1230 337 1 473 0 1230 337
0 1322 0 1 1094 0 1322 0
0 1322 0 1 1094 0 1322 0
0 1322 0 1 1094 0 1322 0
0 1322 0 1 467 0 1322 0
0 1268 197 1 881 0 1268 197
0 1322 0 1 186 0 1322 0
0 1322 0 1 362 0 1322 0
0 1322 0 1 466 0 1322 0
0 1322 0 1 1107 0 1322 0
0 1322 0 1 473 0 1322 0
0 1322 0 1 978 0 1322 0
0 1283 142 2 766 0 1278 142 377 0 5 0
0 1322 0 1 698 0 1322 0
0 1322 0 1 1034 0 1322 0
0 1322 0 1 876 0 1322 0
0 1097 823 2 12 0 1097 822 21 0 0 1
0 1229 338 1 29 0 1229 338
0 1190 483 2 1079 0 1190 482 597 0 0 1
0 1099 816 2 389 0 1099 815 1108 0 0 1
0 1128 710 2 24 0 1128 708 1099 0 0 2
0 1322 0 2 1019 0 1247 0 446 0 75 0
0 325 0 1 590 0 325 0
0 233 0 1 798 0 233 0
-1
22 41
0 804 668 1 1181 0 804 668
0 803 671 1 1094 0 803 671
0 867 436 1 753 0 867 436
0 811 642 2 1115 0 811 640 93 0 0 2
0 895 332 1 438 0 895 332
0 986 0 1 610 0 986 0
0 986 0 1 753 0 986 0
0 986 0 1 753 0 986 0
0 986 0 1 753 0 986 0
0 986 0 1 235 0 986 0
0 986 0 1 235 0 986 0
0 986 0 1 235 0 986 0
0 986 0 1 579 0 986 0
0 986 0 1 579 0 986 0
0 986 0 1 579 0 986 0
0 986 0 1 1094 0 986 0
0 957 108 1 633 0 957 108
0 986 0 1 68 0 986 0
0 986 0 1 798 0 986 0
0 986 0 1 601 0 986 0
0 956 111 1 1052 0 956 111
0 986 0 1 1145 0 986 0
0 986 0 1 458 0 986 0
0 986 0 1 617 0 986 0
0 959 98 2 204 0 954 98 660 0 5 0
0 986 0 1 1000 0 986 0
0 986 0 1 653 0 986 0
0 986 0 1 311 0 986 0
0 986 0 1 782 0 986 0
0 986 0 1 605 0 986 0
0 986 0 1 167 0 986 0
0 986 0 1 488 0 986 0
0 986 0 2 498 0 984 0 698 0 2 0
0 986 0 1 34 0 986 0
0 986 0 1 1068 0 986 0
0 986 0 1 333 0 986 0
0 955 115 1 973 0 955 115
0 986 0 1 1162 0 986 0
0 777 0 1 1181 0 777 0
0 649 0 1 610 0 649 0
0 768 0 3 235 0 516 0 433 0 153 0 753 0 99 0
-1
23 29
0 1869 762 1 1168 0 1869 762
0 1909 616 1 689 0 1909 616
0 1892 678 1 466 0 1892 678
0 1936 516 1 18 0 1936 516
0 2006 259 1 590 0 2006 259
0 2077 0 1 601 0 2077 0
0 2077 0 1 689 0 2077 0
0 2077 0 1 18 0 2077 0
0 2077 0 1 1116 0 2077 0
0 2077 0 1 1168 0 2077 0
0 2077 0 1 1168 0 2077 0
0 2077 0 1 93 0 2077 0
0 2077 0 1 358 0 2077 0
0 2077 0 1 534 0 2077 0
0 2077 0 1 31 0 2077 0
0 2077 0 1 1115 0 2077 0
0 2077 0 1 48 0 2077 0
0 2077 0 2 31 0 2060 0 601 0 17 0
0 2077 0 1 92 0 2077 0
0 2077 0 1 653 0 2077 0
0 2077 0 1 237 0 2077 0
0 2077 0 1 605 0 2077 0
0 2077 0 1 301 0 2077 0
0 2077 0 1 396 0 2077 0
0 2077 0 1 396 0 2077 0
0 2077 0 1 530 0 2077 0
0 1951 462 2 1040 0 1951 459 973 0 0 3
0 1933 528 2 997 0 1933 525 1099 0 0 3
0 2077 0 2 29 0 1849 0 883 0 228 0
-1
24 38
0 2024 831 2 226 0 2024 828 254 0 0 3
0 2050 736 2 535 0 2050 733 486 0 0 3
0 2054 721 1 922 0 2054 721
0 2046 750 2 963 0 2046 749 858 0 0 1
0 2101 547 1 52 0 2101 547
0 2134 427 1 1035 0 2134 427
0 2087 599 1 647 0 2087 599
0 2145 386 1 911 0 2145 386
0 2163 320 1 254 0 2163 320
0 2154 352 1 184 0 2154 352
0 2133 432 1 61 0 2133 432
0 2084 610 1 572 0 2084 610
0 2251 0 1 136 0 2251 0
0 2251 0 1 136 0 2251 0
0 2167 307 1 764 0 2167 307
0 2251 0 1 265 0 2251 0
0 2125 461 1 330 0 2125 461
0 2132 435 1 504 0 2132 435
0 2251 0 1 739 0 2251 0
0 2168 304 1 819 0 2168 304
0 2185 242 1 565 0 2185 242
0 2251 0 1 483 0 2251 0
0 2182 253 1 409 0 2182 253
0 2251 0 1 535 0 2251 0
0 2251 0 1 97 0 2251 0
0 2251 0 1 97 0 2251 0
0 2251 0 1 97 0 2251 0
0 2180 259 1 198 0 2180 259
0 2183 248 1 345 0 2183 248
0 2140 406 1 174 0 2140 406
0 2251 0 1 825 0 2251 0
0 2157 344 2 218 0 2157 343 732 0 0 1
0 2251 0 1 932 0 2251 0
0 2251 0 1 932 0 2251 0
0 2170 294 1 860 0 2170 294
0 2251 0 1 429 0 2251 0
0 2155 351 1 1191 0 2155 351
0 1731 0 3 52 0 1185 0 858 0 311 0 265 0 235 0
-1
25 26
0 1277 955 1 159 0 1277 955
0 1272 974 1 1019 0 1272 974
0 1274 967 1 179 0 1274 967
0 1326 777 2 757 0 1326 776 980 0 0 1
0 1317 810 2 866 0 1317 807 656 0 0 3
0 1401 502 1 387 0 1401 502
0 1353 678 2 360 0 1353 675 309 0 0 3
0 1350 689 1 246 0 1350 689
0 1338 733 1 62 0 1338 733
0 1372 608 2 560 0 1372 606 503 0 0 2
0 1430 396 1 954 0 1430 396
0 1384 563 1 503 0 1384 563
0 1337 736 2 539 0 1337 735 313 0 0 1
0 1418 437 1 1105 0 1418 437
0 1286 923 2 561 0 1286 921 1166 0 0 2
0 1295 890 2 585 0 1295 888 13 0 0 2
0 1453 312 2 1026 0 1453 309 961 0 0 3
0 1402 499 2 670 0 1402 497 512 0 0 2
0 1462 276 1 961 0 1462 276
0 1340 725 2 347 0 1340 724 1134 0 0 1
0 1393 531 2 758 0 1393 529 80 0 0 2
0 1428 401 1 1060 0 1428 401
0 1538 0 1 57 0 1538 0
0 1538 0 1 954 0 1538 0
0 1538 0 1 573 0 1538 0
0 1538 0 2 144 0 1023 0 387 0 515 0
-1
26 19
0 1888 882 2 962 0 1888 879 254 0 0 3
0 1857 995 2 1014 0 1857 993 81 0 0 2
0 1856 999 1 101 0 1856 999
0 1898 845 2 932 0 1898 844 911 0 0 1
0 1870 948 1 832 0 1870 948
0 1858 992 1 621 0 1858 992
0 1890 874 2 968 0 1890 873 61 0 0 1
0 1886 889 2 1192 0 1886 887 565 0 0 2
0 1904 823 2 178 0 1904 821 860 0 0 2
0 1881 907 2 759 0 1881 905 1081 0 0 2
0 1888 882 1 900 0 1888 882
0 1905 820 1 215 0 1905 820
0 1915 783 2 861 0 1915 782 95 0 0 1
0 1907 812 2 1075 0 1907 811 907 0 0 1
0 1879 915 1 696 0 1879 915
0 1914 787 2 654 0 1914 785 123 0 0 2
0 1927 739 2 1027 0 1927 736 741 0 0 3
0 1862 977 2 913 0 1862 976 741 0 0 1
0 2102 0 2 911 0 1365 0 1173 0 737 0
-1
27 35
0 1167 980 2 32 0 1167 977 617 0 0 3
0 1360 273 1 617 0 1360 273
0 1330 383 1 1125 0 1330 383
0 1260 640 1 181 0 1260 640
0 1358 281 1 703 0 1358 281
0 1308 463 1 208 0 1308 463
0 1384 184 1 778 0 1384 184
0 1434 0 1 32 0 1434 0
0 1434 0 1 1125 0 1434 0
0 1434 3 2 984 0 1434 0 1052 0 0 3
0 1434 0 1 1072 0 1434 0
0 1434 0 1 352 0 1434 0
0 1434 0 1 711 0 1434 0
0 1434 0 1 296 0 1434 0
0 1434 0 1 180 0 1434 0
0 1434 0 1 982 0 1434 0
0 1434 0 1 446 0 1434 0
0 1434 0 1 1153 0 1434 0
0 1434 3 2 1019 0 1434 0 1066 0 0 3
0 1434 3 2 1019 0 1434 0 1066 0 0 3
0 1434 3 2 1019 0 1434 0 1066 0 0 3
0 1434 3 2 1174 0 1434 0 1066 0 0 3
0 1434 3 2 1011 0 1434 0 1066 0 0 3
0 1434 0 1 841 0 1434 0
0 1434 0 1 170 0 1434 0
0 1434 0 1 1048 0 1434 0
0 1434 0 1 344 0 1434 0
0 1434 0 1 474 0 1434 0
0 1434 3 2 276 0 1434 0 840 0 0 3
0 1434 3 2 1010 0 1434 0 1092 0 0 3
0 1434 0 1 260 0 1434 0
0 1434 0 1 1106 0 1434 0
0 1434 0 1 452 0 1434 0
0 1434 0 2 1025 0 991 0 352 0 443 0
0 97 0 1 1052 0 97 0
-1
28 41
0 1203 849 1 1064 0 1203 849
0 1286 546 1 329 0 1286 546
0 1264 625 1 366 0 1264 625
0 1266 620 2 58 0 1266 617 125 0 0 3
0 1337 357 1 14 0 1337 357
0 1349 316 1 125 0 1349 316
0 1362 266 1 903 0 1362 266
0 1435 0 1 329 0 1435 0
0 1435 0 1 329 0 1435 0
0 1390 164 1 349 0 1390 164
0 1435 0 1 844 0 1435 0
0 1435 0 1 844 0 1435 0
0 1435 0 1 844 0 1435 0
0 1435 0 1 243 0 1435 0
0 1435 0 1 243 0 1435 0
0 1435 0 1 14 0 1435 0
0 1435 0 1 189 0 1435 0
0 1435 0 1 366 0 1435 0
0 1435 0 1 366 0 1435 0
0 1435 0 1 366 0 1435 0
0 1435 0 1 811 0 1435 0
0 1435 0 1 58 0 1435 0
0 1435 0 1 125 0 1435 0
0 1435 0 1 1196 0 1435 0
0 1435 0 1 36 0 1435 0
0 1435 0 1 974 0 1435 0
0 1435 0 1 974 0 1435 0
0 1435 0 1 974 0 1435 0
0 1392 158 1 925 0 1392 158
0 1382 193 1 382 0 1382 193
0 1435 0 2 249 0 1428 0 811 0 7 0
0 1381 198 1 282 0 1381 198
0 1324 407 1 746 0 1324 407
0 1289 536 2 651 0 1289 534 1191 0 0 2
0 1263 631 2 320 0 1263 629 741 0 0 2
0 1320 422 1 624 0 1320 422
0 1317 433 2 787 0 1317 431 732 0 0 2
0 1296 509 1 294 0 1296 509
0 1321 416 1 176 0 1321 416
0 1435 0 1 985 0 1435 0
0 315 0 2 329 0 165 0 781 0 150 0
-1
29 25
0 818 966 2 97 0 818 963 911 0 0 3
0 847 859 2 501 0 847 857 739 0 0 2
0 817 969 2 429 0 817 967 52 0 0 2
0 812 988 2 373 0 812 986 565 0 0 2
0 832 914 1 314 0 832 914
0 901 662 2 216 0 901 660 486 0 0 2
0 862 805 1 405 0 862 805
0 881 735 2 9 0 881 732 1173 0 0 3
0 899 669 1 452 0 899 669
0 867 786 1 742 0 867 786
0 924 578 2 825 0 924 577 565 0 0 1
0 843 874 2 519 0 843 871 717 0 0 3
0 901 662 2 750 0 901 661 741 0 0 1
0 874 761 2 190 0 874 759 741 0 0 2
0 898 673 2 1111 0 898 672 546 0 0 1
0 928 562 1 490 0 928 562
0 933 545 1 225 0 933 545
0 933 545 1 706 0 933 545
0 933 545 2 27 0 933 544 81 0 0 1
0 1038 160 1 81 0 1038 160
0 861 808 1 1039 0 861 808
0 1048 122 1 941 0 1048 122
0 937 530 2 392 0 937 527 1081 0 0 3
0 1026 204 1 505 0 1026 204
0 1081 0 2 254 0 771 0 136 0 310 0
-1
30 32
0 2470 884 1 352 0 2470 884
0 2520 701 1 849 0 2520 701
0 2584 464 1 555 0 2584 464
0 2506 752 2 99 0 2506 749 804 0 0 3
0 2594 430 1 56 0 2594 430
0 2609 374 1 379 0 2609 374
0 2615 353 2 138 0 2615 351 168 0 0 2
0 2607 382 2 470 0 2607 380 17 0 0 2
0 2711 0 1 105 0 2711 0
0 2711 0 1 105 0 2711 0
0 2711 0 1 501 0 2711 0
0 2711 0 1 501 0 2711 0
0 2711 0 1 226 0 2711 0
0 2711 0 1 226 0 2711 0
0 2711 0 1 962 0 2711 0
0 2711 0 1 962 0 2711 0
0 2711 0 1 99 0 2711 0
0 2711 0 1 209 0 2711 0
0 2711 0 1 209 0 2711 0
0 2711 0 1 963 0 2711 0
0 2711 0 1 216 0 2711 0
0 2711 0 1 922 0 2711 0
0 2611 368 1 67 0 2611 368
0 2607 382 2 531 0 2607 380 512 0 0 2
0 2711 2 2 129 0 2711 0 958 0 0 2
0 2711 2 2 315 0 2711 0 840 0 0 2
0 2631 295 1 13 0 2631 295
0 2711 0 1 647 0 2711 0
0 2575 500 1 8 0 2575 500
0 2591 441 1 1001 0 2591 441
0 2557 565 2 60 0 2557 563 436 0 0 2
0 2652 218 3 958 0 1152 122 344 0 1176 0 840 0 324 96
-1
31 31
0 1027 982 1 283 0 1027 982
0 1080 788 1 72 0 1080 788
0 1128 612 2 975 0 1128 611 447 0 0 1
0 1122 634 1 698 0 1122 634
0 1178 429 2 493 0 1178 427 447 0 0 2
0 1177 433 2 15 0 1177 432 481 0 0 1
0 1227 250 1 1145 0 1227 250
0 1242 192 1 447 0 1242 192
0 1249 168 1 631 0 1249 168
0 1248 173 1 164 0 1248 173
0 1130 605 1 1010 0 1130 605
0 1165 477 2 676 0 1165 476 328 0 0 1
0 1255 147 1 543 0 1255 147
0 1240 202 1 348 0 1240 202
0 1248 170 1 1057 0 1248 170
0 1106 692 2 263 0 1106 691 562 0 0 1
0 1295 0 2 75 0 1286 0 447 0 9 0
0 1295 0 1 602 0 1295 0
0 1295 0 1 1144 0 1295 0
0 1295 0 1 26 0 1295 0
0 1150 531 1 930 0 1150 531
0 1246 179 1 264 0 1246 179
0 1295 1 2 72 0 1295 0 481 0 0 1
0 1295 0 1 828 0 1295 0
0 1177 433 2 100 0 1177 432 298 0 0 1
0 1295 0 1 887 0 1295 0
0 1062 853 2 969 0 1062 852 110 0 0 1
0 1081 784 2 134 0 1081 782 46 0 0 2
0 1193 374 1 767 0 1193 374
0 1046 912 2 700 0 1046 911 1040 0 0 1
0 932 0 2 972 0 799 0 164 0 133 0
-1
32 27
0 2500 484 1 993 0 2500 484
0 2390 889 1 166 0 2390 889
0 2475 577 1 1132 0 2475 577
0 2486 536 1 1162 0 2486 536
0 2551 300 1 242 0 2551 300
0 2443 695 2 144 0 2443 694 33 0 0 1
0 2633 0 1 310 0 2633 0
0 2633 0 1 1012 0 2633 0
0 2633 0 1 1012 0 2633 0
0 2537 350 1 217 0 2537 350
0 2633 0 1 1132 0 2633 0
0 2633 0 1 188 0 2633 0
0 2633 0 1 459 0 2633 0
0 2633 0 1 339 0 2633 0
0 2633 0 1 245 0 2633 0
0 2633 0 1 506 0 2633 0
0 2633 0 1 179 0 2633 0
0 2633 0 1 179 0 2633 0
0 2633 0 1 162 0 2633 0
0 2633 0 1 980 0 2633 0
0 2633 0 1 866 0 2633 0
0 2633 0 1 1059 0 2633 0
0 2633 0 1 1003 0 2633 0
0 2633 0 1 959 0 2633 0
0 2633 0 1 539 0 2633 0
0 2633 0 1 539 0 2633 0
0 2633 0 1 670 0 2633 0
-1
33 22
0 2666 881 1 821 0 2666 881
0 2637 987 2 679 0 2637 986 480 0 0 1
0 2689 797 2 974 0 2689 796 249 0 0 1
0 2640 977 2 1154 0 2640 976 981 0 0 1
0 2676 845 2 815 0 2676 844 505 0 0 1
0 2643 966 1 1050 0 2643 966
0 2731 643 2 141 0 2731 641 249 0 0 2
0 2671 863 2 613 0 2671 862 505 0 0 1
0 2672 859 2 1028 0 2672 857 925 0 0 2
0 2666 881 2 638 0 2666 879 609 0 0 2
0 2666 881 1 252 0 2666 881
0 2674 852 2 620 0 2674 850 505 0 0 2
0 2666 881 2 780 0 2666 879 839 0 0 2
0 2636 991 2 1184 0 2636 989 490 0 0 2
0 2717 695 2 839 0 2717 693 735 0 0 2
0 2638 984 2 82 0 2638 981 343 0 0 3
0 2709 724 2 818 0 2709 722 712 0 0 2
0 2700 757 2 443 0 2700 756 1142 0 0 1
0 2657 914 2 683 0 2657 913 901 0 0 1
0 2688 801 2 1041 0 2688 800 712 0 0 1
0 2906 0 1 842 0 2906 0
0 1588 0 2 141 0 1472 0 36 0 116 0
-1
34 34
0 1847 638 1 984 0 1847 638
0 1843 651 1 587 0 1843 651
0 1799 814 1 534 0 1799 814
0 1860 591 2 960 0 1860 588 631 0 0 3
0 2021 0 1 75 0 2021 0
0 2021 0 1 1037 0 2021 0
0 2021 0 1 587 0 2021 0
0 2021 0 1 438 0 2021 0
0 2021 0 1 972 0 2021 0
0 2021 0 1 972 0 2021 0
0 2021 0 1 602 0 2021 0
0 2021 0 1 1144 0 2021 0
0 2021 0 1 239 0 2021 0
0 2021 0 1 550 0 2021 0
0 2021 0 1 40 0 2021 0
0 2021 0 1 975 0 2021 0
0 2021 0 1 458 0 2021 0
0 2021 0 1 1034 0 2021 0
0 2021 0 1 58 0 2021 0
0 2021 0 1 1064 0 2021 0
0 2021 0 1 841 0 2021 0
0 2021 0 1 1141 0 2021 0
0 2021 0 1 238 0 2021 0
0 1960 225 2 812 0 1960 224 1092 0 0 1
0 2021 0 1 19 0 2021 0
0 2021 0 1 361 0 2021 0
0 2021 0 1 301 0 2021 0
0 2021 0 2 361 0 2019 0 972 0 2 0
0 2021 0 1 488 0 2021 0
0 1953 250 1 411 0 1953 250
0 2021 0 1 1186 0 2021 0
0 1943 287 1 258 0 1943 287
0 1955 242 1 110 0 1955 242
0 2021 0 3 549 0 1447 0 1010 0 540 0 1092 0 34 0
-1
35 24
0 1663 984 1 972 0 1663 984
0 1709 816 2 908 0 1709 814 631 0 0 2
0 1701 845 1 1034 0 1701 845
0 1704 834 2 167 0 1704 832 447 0 0 2
0 1719 779 2 1112 0 1719 776 883 0 0 3
0 1756 644 1 361 0 1756 644
0 1846 311 1 126 0 1846 311
0 1850 300 2 328 0 1850 298 415 0 0 2
0 1738 709 2 995 0 1738 707 264 0 0 2
0 1871 223 2 820 0 1871 221 204 0 0 2
0 1931 0 1 587 0 1931 0
0 1755 647 2 562 0 1755 646 1092 0 0 1
0 1851 295 1 1046 0 1851 295
0 1733 728 1 994 0 1733 728
0 1792 512 2 404 0 1792 509 481 0 0 3
0 1866 241 1 807 0 1866 241
0 1828 380 1 54 0 1828 380
0 1756 643 1 718 0 1756 643
0 1869 230 2 943 0 1869 227 204 0 0 3
0 1831 369 2 34 0 1831 366 481 0 0 3
0 1832 363 1 1068 0 1832 363
0 1853 289 1 163 0 1853 289
0 1857 274 1 298 0 1857 274
0 1931 0 3 703 0 1171 0 1037 0 584 0 164 0 176 0
-1
36 34
0 2658 900 1 367 0 2658 900
0 2670 854 1 1085 0 2670 854
0 2751 560 1 408 0 2751 560
0 2777 463 1 202 0 2777 463
0 2748 571 2 1193 0 2748 568 1057 0 0 3
0 2789 420 1 1025 0 2789 420
0 2904 0 1 32 0 2904 0
0 2904 0 1 32 0 2904 0
0 2904 0 1 283 0 2904 0
0 2904 0 1 283 0 2904 0
0 2904 0 1 1037 0 2904 0
0 2904 0 1 849 0 2904 0
0 2904 0 1 1072 0 2904 0
0 2904 0 1 352 0 2904 0
0 2904 0 1 711 0 2904 0
0 2904 0 1 1085 0 2904 0
0 2904 0 1 852 0 2904 0
0 2904 0 1 772 0 2904 0
0 2904 0 1 998 0 2904 0
0 2904 0 1 1107 0 2904 0
0 2904 0 1 1153 0 2904 0
0 2904 0 1 1153 0 2904 0
0 2904 0 1 841 0 2904 0
0 2904 0 1 158 0 2904 0
0 2904 0 1 1055 0 2904 0
0 2904 0 1 268 0 2904 0
0 2904 0 1 1196 0 2904 0
0 2904 0 1 480 0 2904 0
0 2904 0 1 676 0 2904 0
0 2904 0 1 108 0 2904 0
0 2904 0 1 108 0 2904 0
0 2904 0 1 821 0 2904 0
0 2904 0 1 452 0 2904 0
0 794 0 3 32 0 384 0 778 0 272 0 617 0 138 0
-1
37 14
0 1502 782 2 1037 0 1502 779 543 0 0 3
0 1472 891 2 887 0 1472 889 493 0 0 2
0 1473 888 1 474 0 1473 888
0 1452 965 2 191 0 1452 964 676 0 0 1
0 1469 902 1 1157 0 1469 902
0 1472 891 2 353 0 1472 890 718 0 0 1
0 1477 873 1 955 0 1477 873
0 1454 957 2 192 0 1454 956 204 0 0 1
0 1442 1001 2 822 0 1442 1000 570 0 0 1
0 1452 965 1 979 0 1452 965
0 1500 789 2 570 0 1500 786 558 0 0 3
0 1478 869 2 950 0 1478 867 264 0 0 2
0 1481 858 1 489 0 1481 858
0 778 0 2 1125 0 683 0 543 0 95 0
-1
38 43
0 1463 703 1 136 0 1463 703
0 1484 625 1 265 0 1484 625
0 1492 596 1 243 0 1492 596
0 1508 536 1 687 0 1508 536
0 1422 853 2 209 0 1422 852 483 0 0 1
0 1544 406 1 5 0 1544 406
0 1531 452 1 739 0 1531 452
0 1585 255 1 1173 0 1585 255
0 1585 257 1 486 0 1585 257
0 1597 211 1 858 0 1597 211
0 1592 230 1 983 0 1592 230
0 1655 0 1 687 0 1655 0
0 1655 0 1 687 0 1655 0
0 1655 0 1 265 0 1655 0
0 1655 0 1 5 0 1655 0
0 1601 198 1 45 0 1601 198
0 1655 0 1 1035 0 1655 0
0 1655 0 1 811 0 1655 0
0 1655 0 1 52 0 1655 0
0 1591 235 2 907 0 1591 232 941 0 0 3
0 1655 0 1 535 0 1655 0
0 1655 0 1 1064 0 1655 0
0 1655 0 1 1064 0 1655 0
0 1655 0 1 922 0 1655 0
0 1655 0 1 216 0 1655 0
0 1655 0 1 963 0 1655 0
0 1593 226 1 755 0 1593 226
0 1655 0 1 825 0 1655 0
0 1655 0 1 61 0 1655 0
0 1655 0 1 429 0 1655 0
0 1655 0 1 429 0 1655 0
0 1655 0 1 429 0 1655 0
0 1655 0 1 9 0 1655 0
0 1655 0 1 9 0 1655 0
0 1655 0 1 9 0 1655 0
0 1571 307 1 906 0 1571 307
0 1655 0 1 1014 0 1655 0
0 1655 0 1 1014 0 1655 0
0 1655 0 1 1014 0 1655 0
0 1655 0 1 1014 0 1655 0
0 1655 0 1 504 0 1655 0
0 1655 0 1 330 0 1655 0
0 1655 0 1 1030 0 1655 0
-1
39 40
0 660 988 1 1144 0 660 988
0 690 876 1 235 0 690 876
0 744 680 1 610 0 744 680
0 756 634 1 579 0 756 634
0 811 435 1 660 0 811 435
0 826 378 1 93 0 826 378
0 870 217 1 433 0 870 217
0 834 352 1 648 0 834 352
0 930 0 1 610 0 930 0
0 930 0 1 610 0 930 0
0 930 0 1 610 0 930 0
0 930 0 1 610 0 930 0
0 930 0 1 235 0 930 0
0 930 0 1 235 0 930 0
0 930 0 1 235 0 930 0
0 930 0 1 235 0 930 0
0 930 0 1 579 0 930 0
0 930 0 1 579 0 930 0
0 930 0 1 433 0 930 0
0 930 0 1 816 0 930 0
0 888 151 1 111 0 888 151
0 900 110 1 481 0 900 110
0 930 0 1 926 0 930 0
0 930 0 2 377 0 909 0 610 0 21 0
0 930 0 2 1109 0 894 0 534 0 36 0
0 910 73 2 1066 0 909 73 456 0 1 0
0 930 0 1 126 0 930 0
0 899 114 1 1092 0 899 114
0 883 172 1 1099 0 883 172
0 930 0 1 54 0 930 0
0 888 154 1 774 0 888 154
0 930 0 1 556 0 930 0
0 930 0 1 751 0 930 0
0 879 186 1 280 0 879 186
0 930 0 1 530 0 930 0
0 930 0 1 480 0 930 0
0 930 0 1 293 0 930 0
0 930 0 2 847 0 836 0 93 0 94 0
0 930 0 2 1168 0 835 0 1116 0 95 0
0 693 0 1 730 0 693 0
-1
40 31
0 2642 816 1 601 0 2642 816
0 2627 868 1 358 0 2627 868
0 2683 665 1 1082 0 2683 665
0 2709 569 1 1116 0 2709 569
0 2747 429 1 816 0 2747 429
0 2777 320 1 693 0 2777 320
0 2865 0 1 377 0 2865 0
0 2865 0 1 377 0 2865 0
0 2865 0 1 467 0 2865 0
0 2865 0 1 1082 0 2865 0
0 2865 0 1 186 0 2865 0
0 2865 0 1 186 0 2865 0
0 2865 0 1 362 0 2865 0
0 2865 0 1 466 0 2865 0
0 2865 0 1 960 0 2865 0
0 2865 0 1 998 0 2865 0
0 2865 0 1 534 0 2865 0
0 2865 0 1 508 0 2865 0
0 2865 0 1 828 0 2865 0
0 2865 0 1 1115 0 2865 0
0 2865 0 1 698 0 2865 0
0 2746 434 1 751 0 2746 434
0 2865 0 1 883 0 2865 0
0 2865 0 1 1112 0 2865 0
0 2865 0 1 1000 0 2865 0
0 2865 0 1 1106 0 2865 0
0 2760 384 2 124 0 2760 383 774 0 0 1
0 2730 493 1 810 0 2730 493
0 2726 508 1 7 0 2726 508
0 2865 0 1 856 0 2865 0
0 2865 0 3 284 0 1193 0 987 0 1031 0 165 0 641 0
-1
