1 25
0 1370 1 1 32 0 1370 1
0 1370 1 1 32 0 1370 1
0 1370 1 1 32 0 1370 1
0 1370 1 1 153 0 1370 1
0 1370 1 1 153 0 1370 1
0 1370 1 1 139 0 1370 1
0 1370 1 1 192 0 1370 1
0 1370 1 1 192 0 1370 1
0 1370 1 1 37 0 1370 1
0 1370 1 1 197 0 1370 1
0 1370 1 1 164 0 1370 1
0 1370 1 1 45 0 1370 1
0 1370 1 1 45 0 1370 1
0 1370 1 1 51 0 1370 1
0 1370 1 1 27 0 1370 1
0 1370 1 1 72 0 1370 1
0 1370 1 1 108 0 1370 1
0 1370 1 1 108 0 1370 1
0 1370 1 1 108 0 1370 1
0 1370 1 1 108 0 1370 1
0 1370 1 1 108 0 1370 1
0 1370 1 1 40 0 1370 1
0 1370 1 1 40 0 1370 1
0 917 925 2 97 0 788 924 32 0 129 1
0 261 496 1 32 0 261 496
-1
2 18
0 3617 1 1 28 0 3617 1
0 3617 1 1 84 0 3617 1
0 3617 1 1 85 0 3617 1
0 3617 1 1 175 0 3617 1
0 3617 1 1 68 0 3617 1
0 3617 1 1 64 0 3617 1
0 3617 1 1 170 0 3617 1
0 3617 1 1 170 0 3617 1
0 3617 1 1 6 0 3617 1
0 3617 1 1 34 0 3617 1
0 3617 1 1 91 0 3617 1
0 3617 1 1 67 0 3617 1
0 3617 1 1 138 0 3617 1
0 3617 1 1 21 0 3617 1
0 3617 1 1 112 0 3617 1
0 3617 1 1 58 0 3617 1
0 2856 1553 3 120 0 1545 576 6 0 1054 976 84 0 257 1
0 1008 570 1 180 0 1008 570
-1
3 24
0 1372 1 1 166 0 1372 1
0 1372 1 1 127 0 1372 1
0 1372 1 1 69 0 1372 1
0 1372 1 1 183 0 1372 1
0 1372 1 1 131 0 1372 1
0 1372 1 1 96 0 1372 1
0 1372 1 1 15 0 1372 1
0 1372 1 1 126 0 1372 1
0 1372 1 1 25 0 1372 1
0 1372 1 1 25 0 1372 1
0 1372 1 1 38 0 1372 1
0 1372 1 1 2 0 1372 1
0 1372 1 1 103 0 1372 1
0 1372 1 1 109 0 1372 1
0 1372 1 1 39 0 1372 1
0 1372 1 1 52 0 1372 1
0 1372 1 1 101 0 1372 1
0 1372 1 1 44 0 1372 1
0 1372 1 1 147 0 1372 1
0 1372 1 1 19 0 1372 1
0 1372 1 1 150 0 1372 1
0 1372 1 1 158 0 1372 1
0 1372 1 1 141 0 1372 1
0 1341 64 1 89 0 1341 64
-1
4 21
0 3773 1 1 70 0 3773 1
0 3773 1 1 139 0 3773 1
0 3773 1 1 97 0 3773 1
0 3773 1 1 97 0 3773 1
0 3773 1 1 197 0 3773 1
0 3773 1 1 132 0 3773 1
0 3773 1 1 132 0 3773 1
0 3773 1 1 45 0 3773 1
0 3773 1 1 5 0 3773 1
0 3773 1 1 27 0 3773 1
0 3773 1 1 169 0 3773 1
0 3773 1 1 124 0 3773 1
0 3773 1 1 124 0 3773 1
0 3773 1 1 137 0 3773 1
0 3773 1 1 149 0 3773 1
0 3773 1 1 21 0 3773 1
0 3773 1 1 58 0 3773 1
0 3773 1 1 41 0 3773 1
0 3773 1 1 40 0 3773 1
0 3773 1 1 79 0 3773 1
0 2672 1514 3 137 0 988 528 5 0 940 713 55 0 744 273
-1
5 19
80 1650 1 1 180 80 1650 1
80 1650 1 1 128 80 1650 1
80 1650 1 1 85 80 1650 1
80 1650 1 1 49 80 1650 1
80 1650 1 1 49 80 1650 1
80 1650 1 1 49 80 1650 1
80 1650 1 1 4 80 1650 1
80 1650 1 1 37 80 1650 1
80 1650 1 1 6 80 1650 1
80 1650 1 1 34 80 1650 1
80 1650 1 1 115 80 1650 1
80 1650 1 1 115 80 1650 1
80 1650 1 1 95 80 1650 1
80 1650 1 1 112 80 1650 1
80 1650 1 1 129 80 1650 1
80 1650 1 1 191 80 1650 1
80 1650 1 1 191 80 1650 1
80 1030 932 1 106 80 1030 932
80 778 763 1 28 80 778 763
-1
6 19
0 3639 0 1 84 0 3639 0
0 3639 0 1 106 0 3639 0
0 3639 0 1 106 0 3639 0
0 3639 0 1 185 0 3639 0
0 3639 0 1 100 0 3639 0
0 3639 0 1 82 0 3639 0
0 3639 0 1 68 0 3639 0
0 3639 0 1 74 0 3639 0
0 3639 0 1 186 0 3639 0
0 3639 0 1 186 0 3639 0
0 3639 0 1 88 0 3639 0
0 3639 0 1 115 0 3639 0
0 3639 0 1 120 0 3639 0
0 3639 0 1 148 0 3639 0
0 3639 0 1 9 0 3639 0
0 3639 0 1 179 0 3639 0
0 3639 0 1 179 0 3639 0
0 3175 947 2 117 0 1665 185 88 0 1510 762
0 35 187 1 10 0 35 187
-1
7 14
0 2896 0 1 105 0 2896 0
0 2896 0 1 144 0 2896 0
0 2896 0 1 22 0 2896 0
0 2896 0 1 54 0 2896 0
0 2896 0 1 54 0 2896 0
0 2896 0 1 200 0 2896 0
0 2896 0 1 114 0 2896 0
0 2896 0 1 114 0 2896 0
0 2896 0 1 184 0 2896 0
0 2896 0 1 148 0 2896 0
0 2896 0 1 67 0 2896 0
0 2896 0 1 112 0 2896 0
0 2815 165 2 172 0 1485 165 104 0 1330 0
0 1318 1328 2 46 0 794 806 11 0 524 522
-1
8 19
0 2567 1 1 166 0 2567 1
0 2567 1 1 92 0 2567 1
0 2567 1 1 183 0 2567 1
0 2567 1 1 15 0 2567 1
0 2567 1 1 15 0 2567 1
0 2567 1 1 135 0 2567 1
0 2567 1 1 39 0 2567 1
0 2567 1 1 39 0 2567 1
0 2567 1 1 134 0 2567 1
0 2567 1 1 110 0 2567 1
0 2567 1 1 149 0 2567 1
0 2567 1 1 78 0 2567 1
0 2567 1 1 87 0 2567 1
0 2567 1 1 160 0 2567 1
0 2567 1 1 158 0 2567 1
0 2567 1 1 35 0 2567 1
0 2567 1 1 23 0 2567 1
0 2401 339 2 75 0 1329 338 126 0 1072 1
0 993 546 1 166 0 993 546
-1
9 15
0 3230 0 1 190 0 3230 0
0 3230 0 1 50 0 3230 0
0 3230 0 1 46 0 3230 0
0 3230 0 1 46 0 3230 0
0 3230 0 1 22 0 3230 0
0 3230 0 1 200 0 3230 0
0 3230 0 1 152 0 3230 0
0 3230 0 1 199 0 3230 0
0 3230 0 1 18 0 3230 0
0 3230 0 1 73 0 3230 0
0 3230 0 1 88 0 3230 0
0 3230 0 1 169 0 3230 0
0 2080 736 2 118 0 1512 168 105 0 568 568
0 1628 1460 2 50 0 1399 795 190 0 229 665
0 1850 950 2 76 0 1074 400 77 0 776 550
-1
10 18
0 2410 1 1 28 0 2410 1
0 2410 1 1 180 0 2410 1
0 2410 1 1 104 0 2410 1
0 2410 1 1 125 0 2410 1
0 2410 1 1 85 0 2410 1
0 2410 1 1 136 0 2410 1
0 2410 1 1 136 0 2410 1
0 2410 1 1 100 0 2410 1
0 2410 1 1 100 0 2410 1
0 2410 1 1 82 0 2410 1
0 2410 1 1 6 0 2410 1
0 2410 1 1 95 0 2410 1
0 2410 1 1 91 0 2410 1
0 2410 1 1 129 0 2410 1
0 2410 1 1 191 0 2410 1
0 2410 1 1 198 0 2410 1
0 2410 1 1 198 0 2410 1
0 2065 705 2 197 0 1211 704 139 0 854 1
-1
11 19
0 3164 1 1 131 0 3164 1
0 3164 1 1 2 0 3164 1
0 3164 1 1 109 0 3164 1
0 3164 1 1 109 0 3164 1
0 3164 1 1 101 0 3164 1
0 3164 1 1 101 0 3164 1
0 3164 1 1 90 0 3164 1
0 3164 1 1 173 0 3164 1
0 3164 1 1 173 0 3164 1
0 3164 1 1 53 0 3164 1
0 3164 1 1 44 0 3164 1
0 3164 1 1 36 0 3164 1
0 3164 1 1 160 0 3164 1
0 3164 1 1 141 0 3164 1
0 3164 1 1 141 0 3164 1
0 3164 1 1 177 0 3164 1
0 3164 1 1 119 0 3164 1
0 1950 671 2 25 0 1216 438 127 0 734 233
0 392 195 1 96 0 392 195
-1
12 21
0 1722 1 1 75 0 1722 1
0 1722 1 1 103 0 1722 1
0 1722 1 1 103 0 1722 1
0 1722 1 1 26 0 1722 1
0 1722 1 1 26 0 1722 1
0 1722 1 1 178 0 1722 1
0 1722 1 1 60 0 1722 1
0 1722 1 1 60 0 1722 1
0 1722 1 1 30 0 1722 1
0 1722 1 1 54 0 1722 1
0 1722 1 1 55 0 1722 1
0 1722 1 1 174 0 1722 1
0 1722 1 1 5 0 1722 1
0 1719 7 1 134 0 1719 7
0 1722 1 1 47 0 1722 1
0 1722 1 1 36 0 1722 1
0 1722 1 1 138 0 1722 1
0 1722 1 1 72 0 1722 1
0 1722 1 1 87 0 1722 1
0 1653 141 2 133 0 1260 140 49 0 393 1
0 269 562 1 103 0 269 562
-1
13 16
0 1657 1 1 105 0 1657 1
0 1657 1 1 1 0 1657 1
0 1657 1 1 11 0 1657 1
0 1657 1 1 193 0 1657 1
0 1657 1 1 77 0 1657 1
0 1657 1 1 71 0 1657 1
0 1657 1 1 154 0 1657 1
0 1657 1 1 199 0 1657 1
0 1657 1 1 143 0 1657 1
0 1657 1 1 90 0 1657 1
0 1657 1 1 10 0 1657 1
0 1653 9 1 178 0 1653 9
0 1657 1 1 136 0 1657 1
0 1656 3 1 165 0 1656 3
0 1657 1 1 78 0 1657 1
0 1247 838 2 173 0 1223 837 114 0 24 1
-1
14 20
0 4300 2 1 80 0 4300 2
0 4300 2 1 196 0 4300 2
0 4300 2 1 196 0 4300 2
0 4300 2 1 183 0 4300 2
0 4300 2 1 56 0 4300 2
0 4300 2 1 26 0 4300 2
0 4300 2 1 52 0 4300 2
0 4300 2 1 176 0 4300 2
0 4300 2 1 143 0 4300 2
0 4300 2 1 14 0 4300 2
0 4300 2 1 14 0 4300 2
0 4300 2 1 134 0 4300 2
0 4300 2 1 147 0 4300 2
0 4300 2 1 174 0 4300 2
0 4300 2 1 47 0 4300 2
0 4300 2 1 23 0 4300 2
0 4300 2 1 195 0 4300 2
0 4300 2 1 161 0 4300 2
0 4300 2 1 162 0 4300 2
0 1787 2213 3 38 0 977 260 183 0 572 975 196 0 238 978
-1
15 16
0 2526 0 1 190 0 2526 0
0 2526 0 1 11 0 2526 0
0 2526 0 1 50 0 2526 0
0 2526 0 1 77 0 2526 0
0 2526 0 1 154 0 2526 0
0 2526 0 1 154 0 2526 0
0 2526 0 1 76 0 2526 0
0 2526 0 1 114 0 2526 0
0 2526 0 1 152 0 2526 0
0 2526 0 1 199 0 2526 0
0 2526 0 1 30 0 2526 0
0 2526 0 1 143 0 2526 0
0 2526 0 1 18 0 2526 0
0 2526 0 1 53 0 2526 0
0 2526 0 1 91 0 2526 0
0 2038 996 2 26 0 1256 996 22 0 782 0
-1
