1 46
0 1920 2 1 166 0 1920 2
0 1920 2 1 13 0 1920 2
0 1920 2 1 91 0 1920 2
0 1920 2 1 199 0 1920 2
0 1920 2 1 143 0 1920 2
0 1920 2 1 51 0 1920 2
0 1920 2 1 51 0 1920 2
0 1920 2 1 116 0 1920 2
0 1920 2 1 24 0 1920 2
0 1920 2 1 153 0 1920 2
0 1920 2 1 45 0 1920 2
0 1920 2 1 45 0 1920 2
0 1920 2 1 45 0 1920 2
0 1920 2 1 45 0 1920 2
0 1920 2 1 138 0 1920 2
0 1920 2 1 59 0 1920 2
0 1920 2 1 62 0 1920 2
0 1920 2 1 62 0 1920 2
0 1920 2 1 104 0 1920 2
0 1920 2 1 104 0 1920 2
0 1920 2 1 111 0 1920 2
0 1920 2 1 111 0 1920 2
0 1920 2 1 63 0 1920 2
0 1920 2 1 63 0 1920 2
0 1920 2 1 129 0 1920 2
0 1920 2 1 126 0 1920 2
0 1920 2 1 126 0 1920 2
0 1920 2 1 36 0 1920 2
0 1920 2 1 56 0 1920 2
0 1920 2 1 56 0 1920 2
0 1920 2 1 156 0 1920 2
0 1920 2 1 180 0 1920 2
0 1920 2 1 31 0 1920 2
0 1920 2 1 105 0 1920 2
0 1920 2 1 61 0 1920 2
0 1920 2 1 148 0 1920 2
0 1920 2 1 19 0 1920 2
0 1920 2 1 19 0 1920 2
0 1920 2 1 198 0 1920 2
0 1920 2 1 78 0 1920 2
0 1920 2 1 101 0 1920 2
0 1920 2 1 114 0 1920 2
0 1916 17 1 114 0 1916 17
0 1537 1383 2 1 0 1028 1065 13 0 509 318
0 864 2057 2 138 0 864 1460 20 0 0 597
0 945 848 1 17 0 945 848
-1
2 41
0 3230 0 1 125 0 3230 0
0 3230 0 1 84 0 3230 0
0 3230 0 1 25 0 3230 0
0 3230 0 1 115 0 3230 0
0 3230 0 1 115 0 3230 0
0 3230 0 1 145 0 3230 0
0 3230 0 1 17 0 3230 0
0 3230 0 1 73 0 3230 0
0 3230 0 1 23 0 3230 0
0 3230 0 1 23 0 3230 0
0 3230 0 1 32 0 3230 0
0 3230 0 1 94 0 3230 0
0 3230 0 1 10 0 3230 0
0 3230 0 1 183 0 3230 0
0 3230 0 1 2 0 3230 0
0 3230 0 1 2 0 3230 0
0 3230 0 1 186 0 3230 0
0 3230 0 1 186 0 3230 0
0 3230 0 1 174 0 3230 0
0 3230 0 1 170 0 3230 0
0 3230 0 1 96 0 3230 0
0 3230 0 1 21 0 3230 0
0 3230 0 1 169 0 3230 0
0 3230 0 1 34 0 3230 0
0 3230 0 1 59 0 3230 0
0 3230 0 1 127 0 3230 0
0 3230 0 1 187 0 3230 0
0 3230 0 1 187 0 3230 0
0 3230 0 1 88 0 3230 0
0 3230 0 1 168 0 3230 0
0 3230 0 1 192 0 3230 0
0 3230 0 1 16 0 3230 0
0 3230 0 1 16 0 3230 0
0 3230 0 1 123 0 3230 0
0 3230 0 1 159 0 3230 0
0 3230 0 1 42 0 3230 0
0 3230 0 1 50 0 3230 0
0 3185 162 1 44 0 3185 162
0 3230 0 1 95 0 3230 0
0 3230 0 1 48 0 3230 0
0 2420 2919 3 131 0 1195 1472 32 0 840 1446 141 0 385 1
-1
3 44
0 3458 1 1 1 0 3458 1
0 3458 1 1 13 0 3458 1
0 3458 1 1 162 0 3458 1
0 3458 1 1 20 0 3458 1
0 3458 1 1 199 0 3458 1
0 3458 1 1 143 0 3458 1
0 3458 1 1 51 0 3458 1
0 3458 1 1 116 0 3458 1
0 3458 1 1 116 0 3458 1
0 3458 1 1 171 0 3458 1
0 3458 1 1 191 0 3458 1
0 3458 1 1 191 0 3458 1
0 3458 1 1 153 0 3458 1
0 3458 1 1 45 0 3458 1
0 3458 1 1 197 0 3458 1
0 3458 1 1 138 0 3458 1
0 3458 1 1 138 0 3458 1
0 3458 1 1 60 0 3458 1
0 3458 1 1 60 0 3458 1
0 3458 1 1 184 0 3458 1
0 3458 1 1 111 0 3458 1
0 3458 1 1 63 0 3458 1
0 3458 1 1 98 0 3458 1
0 3458 1 1 81 0 3458 1
0 3458 1 1 81 0 3458 1
0 3458 1 1 118 0 3458 1
0 3458 1 1 110 0 3458 1
0 3458 1 1 146 0 3458 1
0 3458 1 1 172 0 3458 1
0 3458 1 1 172 0 3458 1
0 3458 1 1 31 0 3458 1
0 3458 1 1 173 0 3458 1
0 3458 1 1 173 0 3458 1
0 3458 1 1 61 0 3458 1
0 3458 1 1 86 0 3458 1
0 3458 1 1 148 0 3458 1
0 3458 1 1 6 0 3458 1
0 3458 1 1 64 0 3458 1
0 3458 1 1 28 0 3458 1
0 3458 1 1 28 0 3458 1
0 3458 1 1 78 0 3458 1
0 3458 1 1 165 0 3458 1
0 3458 1 1 134 0 3458 1
0 1862 4016 4 146 0 1001 1062 51 0 543 1150 91 0 318 826 199 0 0 978
-1
4 65
0 1624 3 1 190 0 1624 3
0 1624 3 1 190 0 1624 3
0 1624 3 1 190 0 1624 3
0 1624 3 1 135 0 1624 3
0 1624 3 1 119 0 1624 3
0 1624 3 1 119 0 1624 3
0 1624 3 1 109 0 1624 3
0 1624 3 1 109 0 1624 3
0 1624 3 1 109 0 1624 3
0 1624 3 1 109 0 1624 3
0 1624 3 1 109 0 1624 3
0 1624 3 1 18 0 1624 3
0 1624 3 1 189 0 1624 3
0 1624 3 1 33 0 1624 3
0 1624 3 1 33 0 1624 3
0 1624 3 1 33 0 1624 3
0 1624 3 1 33 0 1624 3
0 1624 3 1 7 0 1624 3
0 1624 3 1 7 0 1624 3
0 1624 3 1 7 0 1624 3
0 1624 3 1 7 0 1624 3
0 1624 3 1 7 0 1624 3
0 1624 3 1 7 0 1624 3
0 1624 3 1 154 0 1624 3
0 1624 3 1 38 0 1624 3
0 1624 3 1 38 0 1624 3
0 1624 3 1 38 0 1624 3
0 1624 3 1 38 0 1624 3
0 1624 3 1 167 0 1624 3
0 1624 3 1 102 0 1624 3
0 1624 3 1 159 0 1624 3
0 1624 3 1 66 0 1624 3
0 1624 3 1 74 0 1624 3
0 1624 3 1 74 0 1624 3
0 1624 3 1 121 0 1624 3
0 1624 3 1 97 0 1624 3
0 1624 3 1 97 0 1624 3
0 1624 3 1 97 0 1624 3
0 1624 3 1 97 0 1624 3
0 1624 3 1 97 0 1624 3
0 1624 3 1 175 0 1624 3
0 1624 3 1 4 0 1624 3
0 1624 3 1 4 0 1624 3
0 1624 3 1 58 0 1624 3
0 1624 3 1 58 0 1624 3
0 1624 3 1 58 0 1624 3
0 1624 3 1 149 0 1624 3
0 1274 1264 2 198 0 920 1261 18 0 354 3
0 1301 1167 2 167 0 707 1165 189 0 594 2
0 1353 979 2 89 0 675 681 53 0 678 298
0 1252 1343 2 95 0 736 696 8 0 516 647
0 1044 2093 3 117 0 477 1265 134 0 566 826 78 0 1 2
0 1126 1797 3 66 0 491 1141 72 0 623 655 97 0 12 1
0 970 2360 2 28 0 431 1478 82 0 539 882
0 1246 1365 3 118 0 585 732 112 0 540 633 18 0 121 0
0 1041 2104 3 130 0 504 921 71 0 352 1083 30 0 185 100
0 718 3268 4 29 0 429 1168 16 0 148 1394 92 0 141 627 9 0 0 79
0 1097 1902 3 179 0 461 810 64 0 353 990 172 0 283 102
0 741 3185 3 121 0 255 1424 105 0 296 1004 4 0 190 757
0 926 2518 3 11 0 463 667 50 0 253 1325 159 0 210 526
0 653 3502 3 42 0 243 1306 180 0 234 1377 106 0 176 819
0 726 3239 3 176 0 157 1437 148 0 382 637 61 0 187 1165
0 290 4811 6 156 0 143 1402 152 0 46 814 172 0 0 889 5 0 65 623 140 0 0 872 76 0 36 211
0 0 309 1 190 0 0 309
0 0 282 1 119 0 0 282
-1
5 54
0 2083 0 1 120 0 2083 0
0 2083 0 1 120 0 2083 0
0 2083 0 1 37 0 2083 0
0 2083 0 1 37 0 2083 0
0 2083 0 1 37 0 2083 0
0 2083 0 1 70 0 2083 0
0 2083 0 1 70 0 2083 0
0 2083 0 1 70 0 2083 0
0 2083 0 1 70 0 2083 0
0 2083 0 1 39 0 2083 0
0 2083 0 1 39 0 2083 0
0 2083 0 1 99 0 2083 0
0 2083 0 1 35 0 2083 0
0 2083 0 1 3 0 2083 0
0 2083 0 1 3 0 2083 0
0 2083 0 1 3 0 2083 0
0 2083 0 1 3 0 2083 0
0 2083 0 1 34 0 2083 0
0 2083 0 1 34 0 2083 0
0 2083 0 1 34 0 2083 0
0 2083 0 1 83 0 2083 0
0 2083 0 1 83 0 2083 0
0 2083 0 1 132 0 2083 0
0 2083 0 1 132 0 2083 0
0 2083 0 1 79 0 2083 0
0 2083 0 1 79 0 2083 0
0 2083 0 1 131 0 2083 0
0 2083 0 1 30 0 2083 0
0 2083 0 1 30 0 2083 0
0 2083 0 1 30 0 2083 0
0 2083 0 1 43 0 2083 0
0 2083 0 1 182 0 2083 0
0 2083 0 1 92 0 2083 0
0 2083 0 1 157 0 2083 0
0 2083 0 1 157 0 2083 0
0 2083 0 1 11 0 2083 0
0 2083 0 1 181 0 2083 0
0 2083 0 1 87 0 2083 0
0 2083 0 1 87 0 2083 0
0 2083 0 1 87 0 2083 0
0 2083 0 1 72 0 2083 0
0 2083 0 1 177 0 2083 0
0 2083 0 1 177 0 2083 0
0 2083 0 1 164 0 2083 0
0 2083 0 1 164 0 2083 0
0 2083 0 1 149 0 2083 0
0 2083 0 1 149 0 2083 0
0 1828 919 2 165 0 1394 918 78 0 434 1
0 1672 1482 2 7 0 1002 1479 39 0 670 3
0 893 1784 3 49 0 756 690 189 0 77 553 39 0 60 541
0 1559 1889 3 41 0 638 1059 73 0 591 829 25 0 330 1
0 543 2478 2 178 0 329 1405 14 0 214 1073
0 289 2162 2 83 0 151 1438 75 0 138 724
0 216 988 1 77 0 216 988
-1
6 36
385 3282 3 1 40 385 3282 3
385 3282 3 1 136 385 3282 3
385 3282 3 1 84 385 3282 3
385 3282 3 1 90 385 3282 3
385 3282 3 1 128 385 3282 3
385 3282 3 1 128 385 3282 3
385 3282 3 1 73 385 3282 3
385 3282 3 1 141 385 3282 3
385 3282 3 1 141 385 3282 3
385 3282 3 1 15 385 3282 3
385 3282 3 1 178 385 3282 3
385 3282 3 1 170 385 3282 3
385 3282 3 1 96 385 3282 3
385 3282 3 1 21 385 3282 3
385 3282 3 1 59 385 3282 3
385 3282 3 1 59 385 3282 3
385 3282 3 1 83 385 3282 3
385 3282 3 1 85 385 3282 3
385 3282 3 1 85 385 3282 3
385 3282 3 1 22 385 3282 3
385 3282 3 1 88 385 3282 3
385 3282 3 1 41 385 3282 3
385 3282 3 1 168 385 3282 3
385 3282 3 1 16 385 3282 3
385 3282 3 1 71 385 3282 3
385 3282 3 1 123 385 3282 3
385 3282 3 1 42 385 3282 3
385 3282 3 1 156 385 3282 3
385 3282 3 1 152 385 3282 3
385 3282 3 1 152 385 3282 3
385 3282 3 1 163 385 3282 3
385 3282 3 1 176 385 3282 3
385 3282 3 1 160 385 3282 3
385 3282 3 1 188 385 3282 3
385 3282 3 1 179 385 3282 3
667 2777 1458 3 188 385 1210 936 93 204 902 522 37 78 665 0
-1
7 38
0 3457 0 1 136 0 3457 0
0 3457 0 1 52 0 3457 0
0 3457 0 1 52 0 3457 0
0 3457 0 1 90 0 3457 0
0 3457 0 1 145 0 3457 0
0 3457 0 1 17 0 3457 0
0 3457 0 1 196 0 3457 0
0 3457 0 1 141 0 3457 0
0 3457 0 1 69 0 3457 0
0 3457 0 1 32 0 3457 0
0 3457 0 1 94 0 3457 0
0 3457 0 1 94 0 3457 0
0 3457 0 1 170 0 3457 0
0 3457 0 1 14 0 3457 0
0 3457 0 1 14 0 3457 0
0 3457 0 1 96 0 3457 0
0 3457 0 1 22 0 3457 0
0 3457 0 1 22 0 3457 0
0 3457 0 1 147 0 3457 0
0 3457 0 1 41 0 3457 0
0 3457 0 1 161 0 3457 0
0 3457 0 1 71 0 3457 0
0 3457 0 1 139 0 3457 0
0 3457 0 1 155 0 3457 0
0 3457 0 1 155 0 3457 0
0 3457 0 1 123 0 3457 0
0 3457 0 1 43 0 3457 0
0 3457 0 1 46 0 3457 0
0 3457 0 1 182 0 3457 0
0 3457 0 1 156 0 3457 0
0 3457 0 1 163 0 3457 0
0 3457 0 1 11 0 3457 0
0 3457 0 1 160 0 3457 0
0 3457 0 1 50 0 3457 0
0 3457 0 1 44 0 3457 0
0 3457 0 1 48 0 3457 0
0 1991 1660 2 145 0 995 1022 125 0 996 638
0 64 1301 1 136 0 64 1301
-1
8 47
0 1738 0 1 166 0 1738 0
0 1738 0 1 13 0 1738 0
0 1738 0 1 91 0 1738 0
0 1738 0 1 91 0 1738 0
0 1738 0 1 91 0 1738 0
0 1738 0 1 20 0 1738 0
0 1738 0 1 20 0 1738 0
0 1738 0 1 199 0 1738 0
0 1738 0 1 143 0 1738 0
0 1661 278 1 199 0 1661 278
0 1738 0 1 171 0 1738 0
0 1738 0 1 24 0 1738 0
0 1738 0 1 45 0 1738 0
0 1738 0 1 138 0 1738 0
0 1738 0 1 138 0 1738 0
0 1738 0 1 193 0 1738 0
0 1738 0 1 60 0 1738 0
0 1738 0 1 60 0 1738 0
0 1738 0 1 62 0 1738 0
0 1738 0 1 62 0 1738 0
0 1684 195 1 169 0 1684 195
0 1668 252 1 104 0 1668 252
0 1738 0 1 63 0 1738 0
0 1649 321 1 63 0 1649 321
0 1506 836 1 111 0 1506 836
0 1735 11 1 56 0 1735 11
0 1738 0 1 110 0 1738 0
0 1738 0 1 124 0 1738 0
0 1738 0 1 142 0 1738 0
0 1638 360 1 98 0 1638 360
0 1738 0 1 156 0 1738 0
0 1738 0 1 156 0 1738 0
0 1738 0 1 5 0 1738 0
0 1738 0 1 172 0 1738 0
0 1738 0 1 112 0 1738 0
0 1640 353 1 9 0 1640 353
0 1738 0 1 76 0 1738 0
0 1614 447 1 140 0 1614 447
0 1470 966 1 65 0 1470 966
0 1738 0 1 82 0 1738 0
0 1738 0 1 82 0 1738 0
0 1738 0 1 82 0 1738 0
0 1481 926 2 173 0 1427 925 124 0 54 1
0 1738 0 1 27 0 1738 0
0 1580 570 2 19 0 1580 569 5 0 0 1
0 1738 0 1 164 0 1738 0
0 1489 897 2 126 0 966 530 193 0 523 367
-1
9 53
0 3437 2 1 151 0 3437 2
0 3437 2 1 151 0 3437 2
0 3437 2 1 92 0 3437 2
0 3437 2 1 180 0 3437 2
0 3437 2 1 180 0 3437 2
0 3437 2 1 180 0 3437 2
0 3437 2 1 9 0 3437 2
0 3437 2 1 9 0 3437 2
0 3437 2 1 124 0 3437 2
0 3437 2 1 124 0 3437 2
0 3437 2 1 142 0 3437 2
0 3437 2 1 142 0 3437 2
0 3437 2 1 67 0 3437 2
0 3437 2 1 67 0 3437 2
0 3437 2 1 140 0 3437 2
0 3437 2 1 140 0 3437 2
0 3437 2 1 140 0 3437 2
0 3437 2 1 106 0 3437 2
0 3437 2 1 106 0 3437 2
0 3437 2 1 112 0 3437 2
0 3437 2 1 76 0 3437 2
0 3437 2 1 137 0 3437 2
0 3437 2 1 137 0 3437 2
0 3437 2 1 5 0 3437 2
0 3437 2 1 65 0 3437 2
0 3437 2 1 65 0 3437 2
0 3437 2 1 65 0 3437 2
0 3437 2 1 105 0 3437 2
0 3437 2 1 105 0 3437 2
0 3437 2 1 194 0 3437 2
0 3437 2 1 194 0 3437 2
0 3437 2 1 194 0 3437 2
0 3437 2 1 176 0 3437 2
0 3437 2 1 176 0 3437 2
0 3437 2 1 160 0 3437 2
0 3437 2 1 61 0 3437 2
0 3437 2 1 86 0 3437 2
0 3437 2 1 175 0 3437 2
0 3437 2 1 28 0 3437 2
0 3437 2 1 198 0 3437 2
0 3437 2 1 78 0 3437 2
0 3437 2 1 165 0 3437 2
0 3437 2 1 114 0 3437 2
0 3437 2 1 114 0 3437 2
0 3437 2 1 54 0 3437 2
0 3437 2 1 134 0 3437 2
0 3437 2 1 107 0 3437 2
0 3437 2 1 164 0 3437 2
0 3437 2 1 164 0 3437 2
0 3437 2 1 200 0 3437 2
0 2784 2355 4 74 0 1342 504 194 0 768 1225 175 0 618 626 121 0 56 0
0 2450 2859 3 154 0 1184 915 67 0 731 841 151 0 535 1103
0 1651 4566 4 59 0 467 1431 62 0 516 1150 124 0 442 1007 142 0 226 978
-1
10 45
0 3189 0 1 55 0 3189 0
0 3189 0 1 55 0 3189 0
0 3189 0 1 108 0 3189 0
0 3189 0 1 108 0 3189 0
0 3189 0 1 80 0 3189 0
0 3189 0 1 80 0 3189 0
0 3189 0 1 185 0 3189 0
0 3189 0 1 185 0 3189 0
0 3189 0 1 130 0 3189 0
0 3189 0 1 32 0 3189 0
0 3189 0 1 178 0 3189 0
0 3189 0 1 178 0 3189 0
0 3189 0 1 77 0 3189 0
0 3189 0 1 77 0 3189 0
0 3189 0 1 34 0 3189 0
0 3189 0 1 75 0 3189 0
0 3189 0 1 75 0 3189 0
0 3189 0 1 83 0 3189 0
0 3189 0 1 132 0 3189 0
0 3189 0 1 158 0 3189 0
0 3189 0 1 79 0 3189 0
0 3189 0 1 79 0 3189 0
0 3189 0 1 131 0 3189 0
0 3189 0 1 131 0 3189 0
0 3189 0 1 100 0 3189 0
0 3189 0 1 43 0 3189 0
0 3189 0 1 182 0 3189 0
0 3189 0 1 12 0 3189 0
0 3189 0 1 188 0 3189 0
0 3189 0 1 144 0 3189 0
0 3189 0 1 144 0 3189 0
0 3189 0 1 181 0 3189 0
0 3189 0 1 50 0 3189 0
0 3189 0 1 179 0 3189 0
0 3189 0 1 48 0 3189 0
0 3189 0 1 29 0 3189 0
0 3189 0 1 72 0 3189 0
0 3189 0 1 8 0 3189 0
0 3189 0 1 8 0 3189 0
0 3189 0 1 68 0 3189 0
0 3189 0 1 68 0 3189 0
0 3189 0 1 107 0 3189 0
0 1030 2484 2 80 0 708 1045 141 0 322 1439
0 531 1023 1 108 0 531 1023
0 147 1491 1 55 0 147 1491
-1
11 46
0 2298 0 1 55 0 2298 0
0 2298 0 1 55 0 2298 0
0 2298 0 1 55 0 2298 0
0 2298 0 1 108 0 2298 0
0 2298 0 1 80 0 2298 0
0 2298 0 1 185 0 2298 0
0 2298 0 1 185 0 2298 0
0 2298 0 1 196 0 2298 0
0 2298 0 1 130 0 2298 0
0 2298 0 1 130 0 2298 0
0 2298 0 1 32 0 2298 0
0 2298 0 1 35 0 2298 0
0 2298 0 1 35 0 2298 0
0 2298 0 1 35 0 2298 0
0 2298 0 1 10 0 2298 0
0 2298 0 1 178 0 2298 0
0 2298 0 1 77 0 2298 0
0 2298 0 1 103 0 2298 0
0 2238 217 1 103 0 2238 217
0 2298 0 1 14 0 2298 0
0 2298 0 1 132 0 2298 0
0 2298 0 1 132 0 2298 0
0 2298 0 1 88 0 2298 0
0 2298 0 1 192 0 2298 0
0 2298 0 1 192 0 2298 0
0 2298 0 1 71 0 2298 0
0 2298 0 1 16 0 2298 0
0 2298 0 1 159 0 2298 0
0 2298 0 1 42 0 2298 0
0 2298 0 1 42 0 2298 0
0 2298 0 1 157 0 2298 0
0 2298 0 1 157 0 2298 0
0 2298 0 1 12 0 2298 0
0 2298 0 1 176 0 2298 0
0 2298 0 1 97 0 2298 0
0 2298 0 1 53 0 2298 0
0 2298 0 1 53 0 2298 0
0 2298 0 1 95 0 2298 0
0 2298 0 1 87 0 2298 0
0 2298 0 1 29 0 2298 0
0 2298 0 1 29 0 2298 0
0 2298 0 1 29 0 2298 0
0 2298 0 1 177 0 2298 0
0 2298 0 1 177 0 2298 0
0 2298 0 1 68 0 2298 0
0 1697 2167 3 127 0 1031 673 35 0 482 1051 99 0 184 443
-1
12 46
0 2572 2 1 166 0 2572 2
0 2572 2 1 1 0 2572 2
0 2572 2 1 1 0 2572 2
0 2572 2 1 13 0 2572 2
0 2572 2 1 162 0 2572 2
0 2572 2 1 20 0 2572 2
0 2572 2 1 199 0 2572 2
0 2572 2 1 143 0 2572 2
0 2572 2 1 51 0 2572 2
0 2572 2 1 191 0 2572 2
0 2572 2 1 191 0 2572 2
0 2572 2 1 24 0 2572 2
0 2572 2 1 153 0 2572 2
0 2572 2 1 153 0 2572 2
0 2572 2 1 197 0 2572 2
0 2572 2 1 193 0 2572 2
0 2572 2 1 60 0 2572 2
0 2572 2 1 184 0 2572 2
0 2572 2 1 184 0 2572 2
0 2572 2 1 62 0 2572 2
0 2572 2 1 111 0 2572 2
0 2572 2 1 63 0 2572 2
0 2572 2 1 129 0 2572 2
0 2572 2 1 36 0 2572 2
0 2572 2 1 98 0 2572 2
0 2572 2 1 56 0 2572 2
0 2572 2 1 56 0 2572 2
0 2572 2 1 81 0 2572 2
0 2572 2 1 118 0 2572 2
0 2572 2 1 110 0 2572 2
0 2572 2 1 110 0 2572 2
0 2572 2 1 146 0 2572 2
0 2572 2 1 146 0 2572 2
0 2572 2 1 151 0 2572 2
0 2572 2 1 61 0 2572 2
0 2572 2 1 6 0 2572 2
0 2572 2 1 6 0 2572 2
0 2572 2 1 64 0 2572 2
0 2572 2 1 64 0 2572 2
0 2572 2 1 82 0 2572 2
0 2572 2 1 28 0 2572 2
0 2572 2 1 19 0 2572 2
0 2572 2 1 198 0 2572 2
0 2572 2 1 198 0 2572 2
0 2572 2 1 27 0 2572 2
0 1744 2910 3 153 0 1088 1283 171 0 393 620 116 0 263 1007
-1
13 50
3 1811 2 1 57 3 1811 2
3 1811 2 1 57 3 1811 2
3 1811 2 1 57 3 1811 2
3 1811 2 1 150 3 1811 2
3 1811 2 1 150 3 1811 2
3 1811 2 1 150 3 1811 2
3 1811 2 1 150 3 1811 2
3 1811 2 1 99 3 1811 2
3 1811 2 1 99 3 1811 2
3 1811 2 1 47 3 1811 2
3 1811 2 1 47 3 1811 2
3 1687 449 1 150 3 1687 449
3 1811 2 1 3 3 1811 2
3 1811 2 1 174 3 1811 2
3 1811 2 1 69 3 1811 2
3 1697 413 1 47 3 1697 413
3 1811 2 1 26 3 1811 2
3 1811 2 1 26 3 1811 2
3 1811 2 1 26 3 1811 2
3 1632 647 2 120 3 1627 644 57 0 5 3
3 1811 2 1 83 3 1811 2
3 1811 2 1 127 3 1811 2
3 1811 2 1 88 3 1811 2
3 1811 2 1 131 3 1811 2
3 1811 2 1 131 3 1811 2
3 1811 2 1 192 3 1811 2
3 1811 2 1 22 3 1811 2
3 1811 2 1 93 3 1811 2
3 1811 2 1 93 3 1811 2
3 1811 2 1 41 3 1811 2
3 1811 2 1 161 3 1811 2
3 1803 31 1 100 3 1803 31
3 1811 2 1 46 3 1811 2
3 1811 2 1 163 3 1811 2
3 1811 2 1 181 3 1811 2
3 1811 2 1 181 3 1811 2
3 1811 2 1 181 3 1811 2
3 1811 2 1 50 3 1811 2
3 1571 867 1 163 3 1571 867
3 1811 2 1 87 3 1811 2
3 1516 1065 1 87 3 1516 1065
3 1811 2 1 107 3 1811 2
3 1811 2 1 107 3 1811 2
3 1789 81 1 54 3 1789 81
3 1641 615 2 102 3 1172 611 30 0 469 4
3 1510 1087 2 68 3 1095 1086 18 0 415 1
4 1570 869 2 137 3 962 867 106 1 608 2
5 1036 2792 3 161 3 558 646 22 2 320 1408 96 0 158 738
5 1184 2259 3 34 3 289 1440 86 2 483 817 5 0 412 2
6 1199 2204 4 115 3 388 763 197 2 448 717 166 1 321 724 23 0 42 0
-1
14 54
0 2736 1 1 190 0 2736 1
0 2736 1 1 135 0 2736 1
0 2736 1 1 135 0 2736 1
0 2736 1 1 49 0 2736 1
0 2736 1 1 49 0 2736 1
0 2736 1 1 119 0 2736 1
0 2736 1 1 119 0 2736 1
0 2736 1 1 122 0 2736 1
0 2736 1 1 122 0 2736 1
0 2736 1 1 122 0 2736 1
0 2736 1 1 18 0 2736 1
0 2736 1 1 189 0 2736 1
0 2736 1 1 89 0 2736 1
0 2736 1 1 89 0 2736 1
0 2736 1 1 33 0 2736 1
0 2736 1 1 33 0 2736 1
0 2736 1 1 7 0 2736 1
0 2736 1 1 154 0 2736 1
0 2736 1 1 154 0 2736 1
0 2736 1 1 195 0 2736 1
0 2736 1 1 195 0 2736 1
0 2736 1 1 38 0 2736 1
0 2736 1 1 167 0 2736 1
0 2736 1 1 167 0 2736 1
0 2736 1 1 167 0 2736 1
0 2736 1 1 139 0 2736 1
0 2736 1 1 113 0 2736 1
0 2736 1 1 113 0 2736 1
0 2736 1 1 102 0 2736 1
0 2736 1 1 66 0 2736 1
0 2736 1 1 66 0 2736 1
0 2736 1 1 66 0 2736 1
0 2736 1 1 121 0 2736 1
0 2736 1 1 121 0 2736 1
0 2736 1 1 121 0 2736 1
0 2736 1 1 121 0 2736 1
0 2736 1 1 97 0 2736 1
0 2736 1 1 4 0 2736 1
0 2736 1 1 4 0 2736 1
0 2736 1 1 117 0 2736 1
0 2736 1 1 117 0 2736 1
0 2736 1 1 117 0 2736 1
0 2736 1 1 117 0 2736 1
0 2736 1 1 133 0 2736 1
0 2736 1 1 133 0 2736 1
0 2682 196 1 133 0 2682 196
0 2736 1 1 101 0 2736 1
0 2736 1 1 58 0 2736 1
0 2736 1 1 149 0 2736 1
0 2736 1 1 149 0 2736 1
0 2736 1 1 200 0 2736 1
0 1647 3233 3 6 0 956 1057 33 0 551 1377 135 0 140 799
0 2031 2542 3 107 0 789 1221 149 0 654 1319 27 0 588 2
0 1803 3364 4 109 0 565 950 48 0 582 1162 181 0 554 1246 12 0 102 6
-1
15 44
0 1525 1 1 136 0 1525 1
0 1525 1 1 136 0 1525 1
0 1525 1 1 136 0 1525 1
0 1525 1 1 125 0 1525 1
0 1391 484 1 40 0 1391 484
0 1525 1 1 84 0 1525 1
0 1525 1 1 25 0 1525 1
0 1420 380 1 52 0 1420 380
0 1471 196 1 90 0 1471 196
0 1525 1 1 145 0 1525 1
0 1525 1 1 128 0 1525 1
0 1525 1 1 141 0 1525 1
0 1419 383 1 128 0 1419 383
0 1525 1 1 23 0 1525 1
0 1525 1 1 15 0 1525 1
0 1514 41 1 2 0 1514 41
0 1385 506 1 94 0 1385 506
0 1432 336 1 183 0 1432 336
0 1348 639 1 57 0 1348 639
0 1256 971 1 143 0 1256 971
0 1289 852 1 186 0 1289 852
0 1357 607 1 20 0 1357 607
0 1152 1345 2 185 0 1122 1344 80 0 30 1
0 1525 1 1 26 0 1525 1
0 1477 174 1 85 0 1477 174
0 1525 1 1 168 0 1525 1
0 1457 246 1 147 0 1457 246
0 1401 448 1 158 0 1401 448
0 1134 1410 1 191 0 1134 1410
0 1282 877 1 79 0 1282 877
0 1287 859 2 187 0 1271 859 115 0 16 0
0 1195 1190 1 88 0 1195 1190
0 1153 1342 1 132 0 1153 1342
0 1261 953 1 43 0 1261 953
0 1295 830 2 139 0 1286 830 30 0 9 0
0 1341 664 1 195 0 1341 664
0 1338 675 1 190 0 1338 675
0 1297 823 1 119 0 1297 823
0 1219 1104 2 157 0 1174 1104 42 0 45 0
0 1290 848 2 144 0 1236 846 155 0 54 2
0 1172 1273 2 160 0 941 1273 14 0 231 0
0 1208 1144 2 21 0 924 866 174 0 284 278
0 1206 1151 2 81 0 880 1148 184 0 326 3
0 1080 1605 2 155 0 844 866 70 0 236 739
-1
