1 15
0 693 1134 1 5 0 693 1134
0 813 0 1 2 0 813 0
0 813 0 1 7 0 813 0
0 813 0 1 3 0 813 0
0 813 0 1 3 0 813 0
0 813 0 1 5 0 813 0
0 813 0 1 9 0 813 0
0 813 0 1 9 0 813 0
0 813 0 1 9 0 813 0
0 813 0 1 9 0 813 0
0 813 0 1 6 0 813 0
0 813 0 1 6 0 813 0
0 813 0 1 6 0 813 0
0 811 0 1 6 0 811 0
0 813 0 1 8 0 813 0
-1
2 19
0 1593 1359 1 4 0 1593 1359
0 1661 710 1 3 0 1661 710
0 1735 0 1 4 0 1735 0
0 1735 0 1 4 0 1735 0
0 1735 0 1 4 0 1735 0
0 1735 0 1 4 0 1735 0
0 1735 0 1 4 0 1735 0
0 1735 0 1 5 0 1735 0
0 1735 0 1 5 0 1735 0
0 1735 0 1 5 0 1735 0
0 1735 0 1 5 0 1735 0
0 1735 0 1 9 0 1735 0
0 1735 0 1 9 0 1735 0
0 1735 0 1 9 0 1735 0
0 1735 0 1 6 0 1735 0
0 1735 0 1 6 0 1735 0
0 1735 0 1 6 0 1735 0
0 1593 1355 1 10 0 1593 1355
0 837 0 2 4 0 520 0 5 0 317 0
-1
3 11
6 613 997 1 2 6 613 997
6 578 1325 1 6 6 578 1325
7 717 0 1 7 7 717 0
7 717 0 1 7 7 717 0
7 717 0 1 7 7 717 0
7 717 0 1 2 7 717 0
7 717 0 1 1 7 717 0
7 717 0 1 1 7 717 0
7 717 0 1 1 7 717 0
7 717 0 1 1 7 717 0
7 717 0 1 1 7 717 0
-1
4 11
0 1303 0 1 2 0 1303 0
0 1303 0 1 2 0 1303 0
0 1303 0 1 2 0 1303 0
0 1303 0 1 7 0 1303 0
0 1303 0 1 7 0 1303 0
0 1238 610 1 1 0 1238 610
0 1235 641 1 8 0 1235 641
0 1303 0 1 9 0 1303 0
0 1303 0 1 9 0 1303 0
0 1079 0 3 8 0 835 0 9 0 222 0 2 0 22 0
0 1303 0 1 10 0 1303 0
-1
5 15
7 1337 948 1 7 7 1337 948
7 1290 1398 1 9 7 1290 1398
7 1436 0 1 2 7 1436 0
7 1436 0 1 2 7 1436 0
7 1436 0 1 7 7 1436 0
7 1437 0 2 4 7 1436 0 7 0 1 0
7 1436 0 1 3 7 1436 0
7 1436 0 1 3 7 1436 0
7 1436 0 1 5 7 1436 0
7 1436 0 1 6 7 1436 0
7 1436 0 1 6 7 1436 0
7 1436 0 1 8 7 1436 0
7 1436 0 1 8 7 1436 0
11 838 0 2 1 7 625 0 3 4 213 0
7 146 0 1 7 7 146 0
-1
