1 71
0 2341 12 1 662 0 2341 12
0 2341 12 1 345 0 2341 12
0 2341 12 1 603 0 2341 12
0 2341 12 1 721 0 2341 12
0 2341 12 1 873 0 2341 12
0 2341 12 1 1028 0 2341 12
0 2341 12 1 1097 0 2341 12
0 2341 12 1 466 0 2341 12
0 2341 12 1 466 0 2341 12
0 2341 12 1 227 0 2341 12
0 2341 12 1 227 0 2341 12
0 2341 12 1 720 0 2341 12
0 2341 12 1 1137 0 2341 12
0 2341 12 1 49 0 2341 12
0 2341 12 1 49 0 2341 12
0 2341 12 1 61 0 2341 12
0 2341 12 1 743 0 2341 12
0 2341 12 1 1138 0 2341 12
0 2341 12 1 384 0 2341 12
0 2341 12 1 614 0 2341 12
0 2341 12 1 114 0 2341 12
0 2341 12 1 415 0 2341 12
0 2341 12 1 418 0 2341 12
0 2341 12 1 612 0 2341 12
0 2341 12 1 612 0 2341 12
0 2341 12 1 938 0 2341 12
0 2341 12 1 938 0 2341 12
0 2341 12 1 1009 0 2341 12
0 2341 12 1 246 0 2341 12
0 2341 12 1 555 0 2341 12
0 2341 12 1 573 0 2341 12
0 2341 12 1 220 0 2341 12
0 2341 12 1 220 0 2341 12
0 2341 12 1 1037 0 2341 12
0 2341 12 1 579 0 2341 12
0 2341 12 1 43 0 2341 12
0 2341 12 1 968 0 2341 12
0 2341 12 1 1122 0 2341 12
0 2341 12 1 332 0 2341 12
0 2341 12 1 734 0 2341 12
0 2341 12 1 734 0 2341 12
0 2341 12 1 934 0 2341 12
0 2341 12 1 41 0 2341 12
0 2341 12 1 898 0 2341 12
0 2341 12 1 898 0 2341 12
0 2341 12 1 692 0 2341 12
0 2341 12 1 692 0 2341 12
0 2341 12 1 195 0 2341 12
0 2341 12 1 311 0 2341 12
0 2341 12 1 311 0 2341 12
0 2341 12 1 344 0 2341 12
0 2341 12 1 773 0 2341 12
0 2341 12 1 1048 0 2341 12
0 2341 12 1 28 0 2341 12
0 2341 12 1 621 0 2341 12
0 2341 12 1 353 0 2341 12
0 2341 12 1 64 0 2341 12
0 2341 12 1 226 0 2341 12
0 2341 12 1 175 0 2341 12
0 2341 12 1 537 0 2341 12
0 2341 12 1 462 0 2341 12
0 2341 12 1 110 0 2341 12
0 2341 12 1 566 0 2341 12
0 2341 12 1 787 0 2341 12
0 2341 12 1 255 0 2341 12
0 2341 12 1 255 0 2341 12
0 2341 12 1 989 0 2341 12
0 2341 12 1 989 0 2341 12
0 2341 12 1 1027 0 2341 12
0 2341 12 1 1027 0 2341 12
0 2224 2001 3 720 0 1210 1134 1033 0 858 866 1097 0 156 1
-1
2 81
0 2116 9 1 63 0 2116 9
0 2116 9 1 772 0 2116 9
0 2116 9 1 772 0 2116 9
0 2116 9 1 897 0 2116 9
0 2116 9 1 897 0 2116 9
0 2116 9 1 761 0 2116 9
0 2116 9 1 761 0 2116 9
0 2116 9 1 1065 0 2116 9
0 2116 9 1 12 0 2116 9
0 2116 9 1 12 0 2116 9
0 2116 9 1 12 0 2116 9
0 2116 9 1 122 0 2116 9
0 2116 9 1 1064 0 2116 9
0 2116 9 1 78 0 2116 9
0 2116 9 1 78 0 2116 9
0 2116 9 1 616 0 2116 9
0 2116 9 1 979 0 2116 9
0 2116 9 1 1130 0 2116 9
0 2116 9 1 1130 0 2116 9
0 2116 9 1 1169 0 2116 9
0 2116 9 1 434 0 2116 9
0 2116 9 1 434 0 2116 9
0 2116 9 1 434 0 2116 9
0 2116 9 1 483 0 2116 9
0 2116 9 1 723 0 2116 9
0 2116 9 1 895 0 2116 9
0 2116 9 1 1043 0 2116 9
0 2116 9 1 1043 0 2116 9
0 2116 9 1 7 0 2116 9
0 2116 9 1 542 0 2116 9
0 2116 9 1 1160 0 2116 9
0 2116 9 1 861 0 2116 9
0 2116 9 1 343 0 2116 9
0 2116 9 1 343 0 2116 9
0 2116 9 1 776 0 2116 9
0 2116 9 1 72 0 2116 9
0 2116 9 1 72 0 2116 9
0 2116 9 1 130 0 2116 9
0 2116 9 1 130 0 2116 9
0 2116 9 1 601 0 2116 9
0 2116 9 1 1011 0 2116 9
0 2116 9 1 170 0 2116 9
0 2116 9 1 170 0 2116 9
0 2116 9 1 338 0 2116 9
0 2116 9 1 777 0 2116 9
0 2116 9 1 777 0 2116 9
0 2116 9 1 46 0 2116 9
0 2116 9 1 359 0 2116 9
0 2116 9 1 359 0 2116 9
0 2116 9 1 793 0 2116 9
0 2116 9 1 1091 0 2116 9
0 2116 9 1 1091 0 2116 9
0 2116 9 1 1091 0 2116 9
0 2116 9 1 810 0 2116 9
0 2116 9 1 810 0 2116 9
0 2116 9 1 750 0 2116 9
0 2116 9 1 750 0 2116 9
0 2116 9 1 750 0 2116 9
0 2116 9 1 181 0 2116 9
0 2116 9 1 181 0 2116 9
0 2116 9 1 181 0 2116 9
0 2116 9 1 181 0 2116 9
0 2116 9 1 1172 0 2116 9
0 2116 9 1 763 0 2116 9
0 2116 9 1 763 0 2116 9
0 2116 9 1 1004 0 2116 9
0 2116 9 1 540 0 2116 9
0 2116 9 1 540 0 2116 9
0 2116 9 1 667 0 2116 9
0 2116 9 1 959 0 2116 9
0 2116 9 1 350 0 2116 9
0 2116 9 1 350 0 2116 9
0 2116 9 1 1153 0 2116 9
0 2116 9 1 402 0 2116 9
0 2116 9 1 385 0 2116 9
0 2116 9 1 385 0 2116 9
0 2116 9 1 386 0 2116 9
0 2116 9 1 386 0 2116 9
0 2116 9 1 386 0 2116 9
0 947 1659 2 797 0 792 804 897 0 155 855
0 709 1281 1 63 0 709 1281
-1
3 72
0 1720 5 1 662 0 1720 5
0 1720 5 1 271 0 1720 5
0 1720 5 1 271 0 1720 5
0 1720 5 1 721 0 1720 5
0 1720 5 1 721 0 1720 5
0 1720 5 1 873 0 1720 5
0 1720 5 1 1028 0 1720 5
0 1720 5 1 1028 0 1720 5
0 1720 5 1 1097 0 1720 5
0 1720 5 1 466 0 1720 5
0 1720 5 1 227 0 1720 5
0 1720 5 1 109 0 1720 5
0 1720 5 1 109 0 1720 5
0 1720 5 1 1137 0 1720 5
0 1720 5 1 591 0 1720 5
0 1720 5 1 591 0 1720 5
0 1720 5 1 743 0 1720 5
0 1720 5 1 756 0 1720 5
0 1720 5 1 384 0 1720 5
0 1720 5 1 614 0 1720 5
0 1720 5 1 114 0 1720 5
0 1720 5 1 415 0 1720 5
0 1720 5 1 418 0 1720 5
0 1720 5 1 938 0 1720 5
0 1720 5 1 1009 0 1720 5
0 1720 5 1 1009 0 1720 5
0 1720 5 1 246 0 1720 5
0 1720 5 1 555 0 1720 5
0 1720 5 1 555 0 1720 5
0 1720 5 1 573 0 1720 5
0 1720 5 1 1113 0 1720 5
0 1720 5 1 270 0 1720 5
0 1720 5 1 579 0 1720 5
0 1720 5 1 283 0 1720 5
0 1720 5 1 800 0 1720 5
0 1720 5 1 1019 0 1720 5
0 1720 5 1 1122 0 1720 5
0 1720 5 1 734 0 1720 5
0 1720 5 1 734 0 1720 5
0 1720 5 1 41 0 1720 5
0 1720 5 1 1036 0 1720 5
0 1720 5 1 929 0 1720 5
0 1720 5 1 929 0 1720 5
0 1720 5 1 929 0 1720 5
0 1720 5 1 929 0 1720 5
0 1720 5 1 286 0 1720 5
0 1720 5 1 286 0 1720 5
0 1711 158 1 286 0 1711 158
0 1720 5 1 311 0 1720 5
0 1720 5 1 773 0 1720 5
0 1720 5 1 1048 0 1720 5
0 1720 5 1 545 0 1720 5
0 1720 5 1 238 0 1720 5
0 1720 5 1 558 0 1720 5
0 1720 5 1 28 0 1720 5
0 1720 5 1 799 0 1720 5
0 1720 5 1 353 0 1720 5
0 1720 5 1 1136 0 1720 5
0 1720 5 1 1136 0 1720 5
0 1720 5 1 64 0 1720 5
0 1720 5 1 226 0 1720 5
0 1720 5 1 226 0 1720 5
0 1720 5 1 175 0 1720 5
0 1720 5 1 1013 0 1720 5
0 1720 5 1 492 0 1720 5
0 1720 5 1 492 0 1720 5
0 1720 5 1 566 0 1720 5
0 1720 5 1 566 0 1720 5
0 1720 5 1 787 0 1720 5
0 1720 5 1 574 0 1720 5
0 1720 5 1 255 0 1720 5
0 370 1369 1 662 0 370 1369
-1
4 77
0 2737 7 1 280 0 2737 7
0 2737 7 1 280 0 2737 7
0 2737 7 1 280 0 2737 7
0 2737 7 1 392 0 2737 7
0 2737 7 1 392 0 2737 7
0 2737 7 1 392 0 2737 7
0 2737 7 1 674 0 2737 7
0 2737 7 1 674 0 2737 7
0 2737 7 1 523 0 2737 7
0 2737 7 1 523 0 2737 7
0 2737 7 1 1000 0 2737 7
0 2737 7 1 1000 0 2737 7
0 2737 7 1 244 0 2737 7
0 2737 7 1 244 0 2737 7
0 2737 7 1 202 0 2737 7
0 2737 7 1 202 0 2737 7
0 2737 7 1 202 0 2737 7
0 2737 7 1 202 0 2737 7
0 2737 7 1 488 0 2737 7
0 2737 7 1 488 0 2737 7
0 2737 7 1 748 0 2737 7
0 2737 7 1 748 0 2737 7
0 2737 7 1 748 0 2737 7
0 2737 7 1 748 0 2737 7
0 2737 7 1 1168 0 2737 7
0 2737 7 1 572 0 2737 7
0 2737 7 1 572 0 2737 7
0 2737 7 1 572 0 2737 7
0 2737 7 1 572 0 2737 7
0 2737 7 1 268 0 2737 7
0 2737 7 1 268 0 2737 7
0 2737 7 1 932 0 2737 7
0 2737 7 1 932 0 2737 7
0 2737 7 1 741 0 2737 7
0 2737 7 1 741 0 2737 7
0 2737 7 1 741 0 2737 7
0 2737 7 1 741 0 2737 7
0 2737 7 1 102 0 2737 7
0 2737 7 1 102 0 2737 7
0 2737 7 1 482 0 2737 7
0 2737 7 1 482 0 2737 7
0 2737 7 1 482 0 2737 7
0 2737 7 1 482 0 2737 7
0 2737 7 1 937 0 2737 7
0 2737 7 1 937 0 2737 7
0 2737 7 1 937 0 2737 7
0 2737 7 1 937 0 2737 7
0 2737 7 1 528 0 2737 7
0 2737 7 1 528 0 2737 7
0 2737 7 1 25 0 2737 7
0 2737 7 1 25 0 2737 7
0 2737 7 1 25 0 2737 7
0 2737 7 1 25 0 2737 7
0 2737 7 1 880 0 2737 7
0 2737 7 1 880 0 2737 7
0 2737 7 1 360 0 2737 7
0 2737 7 1 360 0 2737 7
0 2737 7 1 360 0 2737 7
0 2737 7 1 48 0 2737 7
0 2737 7 1 500 0 2737 7
0 2737 7 1 500 0 2737 7
0 2737 7 1 500 0 2737 7
0 2737 7 1 313 0 2737 7
0 2737 7 1 611 0 2737 7
0 2737 7 1 611 0 2737 7
0 2737 7 1 829 0 2737 7
0 2737 7 1 829 0 2737 7
0 2737 7 1 829 0 2737 7
0 2737 7 1 31 0 2737 7
0 2737 7 1 31 0 2737 7
0 2737 7 1 54 0 2737 7
0 2737 7 1 54 0 2737 7
0 2737 7 1 307 0 2737 7
0 2737 7 1 645 0 2737 7
0 2737 7 1 339 0 2737 7
0 2737 7 1 788 0 2737 7
0 1283 1331 1 937 0 1283 1331
-1
5 79
0 1151 14 1 63 0 1151 14
0 1151 14 1 63 0 1151 14
0 1151 14 1 1189 0 1151 14
0 1151 14 1 1189 0 1151 14
0 1151 14 1 897 0 1151 14
0 1151 14 1 797 0 1151 14
0 1151 14 1 797 0 1151 14
0 1151 14 1 1065 0 1151 14
0 1151 14 1 740 0 1151 14
0 1151 14 1 740 0 1151 14
0 1151 14 1 740 0 1151 14
0 1151 14 1 695 0 1151 14
0 1151 14 1 695 0 1151 14
0 1141 184 1 1064 0 1141 184
0 1151 14 1 78 0 1151 14
0 1151 14 1 616 0 1151 14
0 1151 14 1 1169 0 1151 14
0 1151 14 1 1169 0 1151 14
0 1151 14 1 1169 0 1151 14
0 1151 14 1 1169 0 1151 14
0 1151 14 1 434 0 1151 14
0 1151 14 1 570 0 1151 14
0 1151 14 1 570 0 1151 14
0 1151 14 1 570 0 1151 14
0 1151 14 1 723 0 1151 14
0 1151 14 1 895 0 1151 14
0 1151 14 1 895 0 1151 14
0 1151 14 1 895 0 1151 14
0 1151 14 1 1043 0 1151 14
0 1151 14 1 542 0 1151 14
0 1151 14 1 1160 0 1151 14
0 1132 337 1 765 0 1132 337
0 1151 14 1 455 0 1151 14
0 1151 14 1 776 0 1151 14
0 1151 14 1 776 0 1151 14
0 1151 14 1 1011 0 1151 14
0 1151 14 1 1011 0 1151 14
0 1151 14 1 170 0 1151 14
0 1151 14 1 234 0 1151 14
0 1151 14 1 1093 0 1151 14
0 1118 575 1 783 0 1118 575
0 1151 14 1 338 0 1151 14
0 1151 14 1 894 0 1151 14
0 1151 14 1 954 0 1151 14
0 1151 14 1 359 0 1151 14
0 1151 14 1 359 0 1151 14
0 1151 14 1 359 0 1151 14
0 1130 371 1 149 0 1130 371
0 1151 14 1 793 0 1151 14
0 1151 14 1 1091 0 1151 14
0 1151 14 1 1091 0 1151 14
0 1151 14 1 1091 0 1151 14
0 1151 14 1 810 0 1151 14
0 1106 779 1 968 0 1106 779
0 1151 14 1 750 0 1151 14
0 1151 14 1 750 0 1151 14
0 1151 14 1 181 0 1151 14
0 1151 14 1 573 0 1151 14
0 1151 14 1 640 0 1151 14
0 1151 14 1 16 0 1151 14
0 1151 14 1 934 0 1151 14
0 1098 915 1 819 0 1098 915
0 1130 371 1 763 0 1130 371
0 1151 14 1 779 0 1151 14
0 1151 14 1 540 0 1151 14
0 1151 14 1 282 0 1151 14
0 1151 14 1 692 0 1151 14
0 1128 405 1 492 0 1128 405
0 1151 14 1 350 0 1151 14
0 1133 320 1 227 0 1133 320
0 1121 524 1 415 0 1121 524
0 1151 14 1 1153 0 1151 14
0 1151 14 1 402 0 1151 14
0 1151 14 1 716 0 1151 14
0 1151 14 1 989 0 1151 14
0 1151 14 1 385 0 1151 14
0 1151 14 1 385 0 1151 14
0 1151 14 1 800 0 1151 14
0 1071 1374 2 122 0 850 1361 897 0 221 13
-1
6 106
0 2231 0 1 26 0 2231 0
0 2231 0 1 157 0 2231 0
0 2231 0 1 157 0 2231 0
0 2231 0 1 309 0 2231 0
0 2231 0 1 309 0 2231 0
0 2231 0 1 250 0 2231 0
0 2231 0 1 250 0 2231 0
0 2231 0 1 250 0 2231 0
0 2231 0 1 377 0 2231 0
0 2231 0 1 377 0 2231 0
0 2231 0 1 1141 0 2231 0
0 2231 0 1 1141 0 2231 0
0 2231 0 1 446 0 2231 0
0 2231 0 1 446 0 2231 0
0 2231 0 1 446 0 2231 0
0 2231 0 1 919 0 2231 0
0 2231 0 1 919 0 2231 0
0 2231 0 1 394 0 2231 0
0 2231 0 1 642 0 2231 0
0 2231 0 1 706 0 2231 0
0 2231 0 1 706 0 2231 0
0 2231 0 1 633 0 2231 0
0 2231 0 1 633 0 2231 0
0 2231 0 1 633 0 2231 0
0 2231 0 1 53 0 2231 0
0 2231 0 1 53 0 2231 0
0 2231 0 1 53 0 2231 0
0 2231 0 1 167 0 2231 0
0 2231 0 1 1121 0 2231 0
0 2231 0 1 1121 0 2231 0
0 2231 0 1 364 0 2231 0
0 2231 0 1 364 0 2231 0
0 2231 0 1 844 0 2231 0
0 2231 0 1 844 0 2231 0
0 2231 0 1 844 0 2231 0
0 2231 0 1 303 0 2231 0
0 2231 0 1 630 0 2231 0
0 2231 0 1 630 0 2231 0
0 2230 17 1 303 0 2230 17
0 2197 578 1 941 0 2197 578
0 2231 0 1 284 0 2231 0
0 2231 0 1 586 0 2231 0
0 2231 0 1 624 0 2231 0
0 2231 0 1 1110 0 2231 0
0 2231 0 1 1110 0 2231 0
0 2231 0 1 1177 0 2231 0
0 2231 0 1 1177 0 2231 0
0 2231 0 1 232 0 2231 0
0 2231 0 1 232 0 2231 0
0 2231 0 1 522 0 2231 0
0 2231 0 1 522 0 2231 0
0 2231 0 1 522 0 2231 0
0 2231 0 1 1195 0 2231 0
0 2231 0 1 117 0 2231 0
0 2231 0 1 117 0 2231 0
0 2231 0 1 259 0 2231 0
0 2231 0 1 833 0 2231 0
0 2231 0 1 985 0 2231 0
0 2231 0 1 985 0 2231 0
0 2231 0 1 1070 0 2231 0
0 2231 0 1 1070 0 2231 0
0 2231 0 1 698 0 2231 0
0 2231 0 1 698 0 2231 0
0 2231 0 1 698 0 2231 0
0 2231 0 1 698 0 2231 0
0 2231 0 1 698 0 2231 0
0 2231 0 1 707 0 2231 0
0 2231 0 1 707 0 2231 0
0 2231 0 1 780 0 2231 0
0 2231 0 1 780 0 2231 0
0 2231 0 1 780 0 2231 0
0 2231 0 1 547 0 2231 0
0 2231 0 1 547 0 2231 0
0 2231 0 1 547 0 2231 0
0 2231 0 1 547 0 2231 0
0 2231 0 1 1184 0 2231 0
0 2231 0 1 47 0 2231 0
0 2231 0 1 47 0 2231 0
0 2231 0 1 47 0 2231 0
0 2231 0 1 575 0 2231 0
0 2231 0 1 575 0 2231 0
0 2231 0 1 575 0 2231 0
0 2231 0 1 575 0 2231 0
0 2231 0 1 627 0 2231 0
0 2231 0 1 1001 0 2231 0
0 2231 0 1 1001 0 2231 0
0 2231 0 1 279 0 2231 0
0 2231 0 1 279 0 2231 0
0 2231 0 1 279 0 2231 0
0 2231 0 1 749 0 2231 0
0 2231 0 1 749 0 2231 0
0 2231 0 1 940 0 2231 0
0 2231 0 1 940 0 2231 0
0 2231 0 1 940 0 2231 0
0 2231 0 1 513 0 2231 0
0 2231 0 1 513 0 2231 0
0 2231 0 1 513 0 2231 0
0 2231 0 1 1164 0 2231 0
0 2231 0 1 1164 0 2231 0
0 2231 0 1 1164 0 2231 0
0 2231 0 1 67 0 2231 0
0 2231 0 1 67 0 2231 0
0 2231 0 1 67 0 2231 0
0 2231 0 1 668 0 2231 0
0 2231 0 1 668 0 2231 0
0 2231 0 1 302 0 2231 0
-1
7 103
0 1774 5 1 352 0 1774 5
0 1774 5 1 352 0 1774 5
0 1774 5 1 352 0 1774 5
0 1774 5 1 352 0 1774 5
0 1774 5 1 352 0 1774 5
0 1774 5 1 352 0 1774 5
0 1774 5 1 352 0 1774 5
0 1774 5 1 993 0 1774 5
0 1774 5 1 993 0 1774 5
0 1774 5 1 993 0 1774 5
0 1774 5 1 993 0 1774 5
0 1774 5 1 993 0 1774 5
0 1774 5 1 34 0 1774 5
0 1774 5 1 34 0 1774 5
0 1774 5 1 34 0 1774 5
0 1774 5 1 34 0 1774 5
0 1774 5 1 34 0 1774 5
0 1774 5 1 562 0 1774 5
0 1774 5 1 562 0 1774 5
0 1774 5 1 562 0 1774 5
0 1774 5 1 562 0 1774 5
0 1774 5 1 562 0 1774 5
0 1774 5 1 562 0 1774 5
0 1774 5 1 1018 0 1774 5
0 1774 5 1 1018 0 1774 5
0 1774 5 1 1018 0 1774 5
0 1774 5 1 1018 0 1774 5
0 1774 5 1 1018 0 1774 5
0 1774 5 1 1018 0 1774 5
0 1774 5 1 1018 0 1774 5
0 1774 5 1 1079 0 1774 5
0 1774 5 1 1079 0 1774 5
0 1774 5 1 1079 0 1774 5
0 1774 5 1 1079 0 1774 5
0 1774 5 1 1079 0 1774 5
0 1774 5 1 76 0 1774 5
0 1774 5 1 76 0 1774 5
0 1774 5 1 76 0 1774 5
0 1774 5 1 76 0 1774 5
0 1774 5 1 76 0 1774 5
0 1774 5 1 629 0 1774 5
0 1774 5 1 629 0 1774 5
0 1774 5 1 629 0 1774 5
0 1774 5 1 629 0 1774 5
0 1774 5 1 1060 0 1774 5
0 1774 5 1 1060 0 1774 5
0 1774 5 1 1060 0 1774 5
0 1774 5 1 1060 0 1774 5
0 1774 5 1 1060 0 1774 5
0 1774 5 1 272 0 1774 5
0 1774 5 1 272 0 1774 5
0 1774 5 1 272 0 1774 5
0 1774 5 1 272 0 1774 5
0 1774 5 1 1123 0 1774 5
0 1774 5 1 1123 0 1774 5
0 1774 5 1 447 0 1774 5
0 1774 5 1 447 0 1774 5
0 1774 5 1 447 0 1774 5
0 1774 5 1 688 0 1774 5
0 1774 5 1 688 0 1774 5
0 1774 5 1 688 0 1774 5
0 1774 5 1 1089 0 1774 5
0 1774 5 1 1089 0 1774 5
0 1774 5 1 1089 0 1774 5
0 1774 5 1 349 0 1774 5
0 1774 5 1 349 0 1774 5
0 1774 5 1 349 0 1774 5
0 1774 5 1 349 0 1774 5
0 1774 5 1 137 0 1774 5
0 1774 5 1 137 0 1774 5
0 1774 5 1 137 0 1774 5
0 1774 5 1 137 0 1774 5
0 1774 5 1 425 0 1774 5
0 1774 5 1 112 0 1774 5
0 1774 5 1 730 0 1774 5
0 1774 5 1 730 0 1774 5
0 1774 5 1 194 0 1774 5
0 1774 5 1 964 0 1774 5
0 1774 5 1 422 0 1774 5
0 1774 5 1 512 0 1774 5
0 1774 5 1 808 0 1774 5
0 1774 5 1 808 0 1774 5
0 1774 5 1 1159 0 1774 5
0 1774 5 1 277 0 1774 5
0 1774 5 1 277 0 1774 5
0 1774 5 1 796 0 1774 5
0 1774 5 1 796 0 1774 5
0 1774 5 1 796 0 1774 5
0 1774 5 1 796 0 1774 5
0 1774 5 1 100 0 1774 5
0 1774 5 1 100 0 1774 5
0 1774 5 1 100 0 1774 5
0 1774 5 1 100 0 1774 5
0 1774 5 1 92 0 1774 5
0 1774 5 1 92 0 1774 5
0 1774 5 1 92 0 1774 5
0 1774 5 1 92 0 1774 5
0 1774 5 1 751 0 1774 5
0 1774 5 1 751 0 1774 5
0 1774 5 1 751 0 1774 5
0 1774 5 1 751 0 1774 5
0 1231 2001 2 1089 0 996 687 562 0 235 1314
0 1581 2481 2 34 0 913 1062 1018 0 668 1419
-1
8 123
0 1122 7 1 594 0 1122 7
0 1122 7 1 594 0 1122 7
0 1122 7 1 594 0 1122 7
0 1122 7 1 594 0 1122 7
0 1122 7 1 594 0 1122 7
0 1122 7 1 594 0 1122 7
0 1122 7 1 913 0 1122 7
0 1122 7 1 860 0 1122 7
0 1122 7 1 860 0 1122 7
0 1122 7 1 858 0 1122 7
0 1122 7 1 858 0 1122 7
0 1122 7 1 858 0 1122 7
0 1122 7 1 858 0 1122 7
0 1122 7 1 858 0 1122 7
0 1122 7 1 782 0 1122 7
0 1122 7 1 782 0 1122 7
0 1122 7 1 501 0 1122 7
0 1122 7 1 501 0 1122 7
0 1122 7 1 501 0 1122 7
0 1122 7 1 644 0 1122 7
0 1122 7 1 644 0 1122 7
0 1122 7 1 807 0 1122 7
0 1122 7 1 807 0 1122 7
0 1122 7 1 807 0 1122 7
0 1122 7 1 807 0 1122 7
0 1122 7 1 893 0 1122 7
0 1122 7 1 656 0 1122 7
0 1122 7 1 656 0 1122 7
0 1122 7 1 656 0 1122 7
0 1122 7 1 656 0 1122 7
0 1122 7 1 656 0 1122 7
0 1122 7 1 1 0 1122 7
0 1122 7 1 1 0 1122 7
0 1122 7 1 1 0 1122 7
0 1122 7 1 1083 0 1122 7
0 1122 7 1 1083 0 1122 7
0 1122 7 1 1152 0 1122 7
0 1122 7 1 1152 0 1122 7
0 1122 7 1 580 0 1122 7
0 1122 7 1 580 0 1122 7
0 1122 7 1 580 0 1122 7
0 1122 7 1 580 0 1122 7
0 1122 7 1 626 0 1122 7
0 1122 7 1 728 0 1122 7
0 1122 7 1 890 0 1122 7
0 1122 7 1 890 0 1122 7
0 1122 7 1 890 0 1122 7
0 1122 7 1 214 0 1122 7
0 1122 7 1 214 0 1122 7
0 1122 7 1 214 0 1122 7
0 1122 7 1 214 0 1122 7
0 1122 7 1 311 0 1122 7
0 1122 7 1 550 0 1122 7
0 1122 7 1 550 0 1122 7
0 1122 7 1 550 0 1122 7
0 1122 7 1 1180 0 1122 7
0 1122 7 1 1180 0 1122 7
0 1122 7 1 1180 0 1122 7
0 1122 7 1 1180 0 1122 7
0 1122 7 1 1180 0 1122 7
0 1122 7 1 1180 0 1122 7
0 1092 517 1 626 0 1092 517
0 1122 7 1 8 0 1122 7
0 1122 7 1 8 0 1122 7
0 1122 7 1 8 0 1122 7
0 1122 7 1 179 0 1122 7
0 1122 7 1 476 0 1122 7
0 1122 7 1 476 0 1122 7
0 1122 7 1 476 0 1122 7
0 1122 7 1 476 0 1122 7
0 1122 7 1 1166 0 1122 7
0 1122 7 1 1166 0 1122 7
0 1122 7 1 1166 0 1122 7
0 1122 7 1 210 0 1122 7
0 1122 7 1 210 0 1122 7
0 1122 7 1 210 0 1122 7
0 1122 7 1 210 0 1122 7
0 1122 7 1 210 0 1122 7
0 1122 7 1 217 0 1122 7
0 1122 7 1 217 0 1122 7
0 1122 7 1 217 0 1122 7
0 1122 7 1 217 0 1122 7
0 1122 7 1 217 0 1122 7
0 1122 7 1 217 0 1122 7
0 1122 7 1 1147 0 1122 7
0 1122 7 1 105 0 1122 7
0 1122 7 1 113 0 1122 7
0 1122 7 1 113 0 1122 7
0 1122 7 1 113 0 1122 7
0 1122 7 1 113 0 1122 7
0 1122 7 1 113 0 1122 7
0 1122 7 1 113 0 1122 7
0 1122 7 1 113 0 1122 7
0 1122 7 1 113 0 1122 7
0 1122 7 1 1057 0 1122 7
0 1122 7 1 1057 0 1122 7
0 1122 7 1 1057 0 1122 7
0 1122 7 1 1057 0 1122 7
0 1122 7 1 1057 0 1122 7
0 1122 7 1 1057 0 1122 7
0 1074 823 1 1147 0 1074 823
0 1122 7 1 119 0 1122 7
0 1122 7 1 119 0 1122 7
0 1122 7 1 119 0 1122 7
0 1122 7 1 119 0 1122 7
0 1122 7 1 1063 0 1122 7
0 1122 7 1 1063 0 1122 7
0 1122 7 1 1063 0 1122 7
0 1122 7 1 1063 0 1122 7
0 1122 7 1 1063 0 1122 7
0 1122 7 1 1063 0 1122 7
0 1122 7 1 543 0 1122 7
0 1122 7 1 543 0 1122 7
0 1122 7 1 1107 0 1122 7
0 1122 7 1 1107 0 1122 7
0 1107 262 1 1088 0 1107 262
0 1122 7 1 1129 0 1122 7
0 1122 7 1 1129 0 1122 7
0 1122 7 1 1129 0 1122 7
0 1122 7 1 116 0 1122 7
0 1122 7 1 116 0 1122 7
0 1122 7 1 116 0 1122 7
0 924 486 1 860 0 924 486
-1
9 82
0 1187 2 1 98 0 1187 2
0 1187 2 1 254 0 1187 2
0 1187 2 1 254 0 1187 2
0 1187 2 1 254 0 1187 2
0 1187 2 1 479 0 1187 2
0 1187 2 1 1052 0 1187 2
0 1187 2 1 1052 0 1187 2
0 1187 2 1 37 0 1187 2
0 1187 2 1 37 0 1187 2
0 1187 2 1 94 0 1187 2
0 1187 2 1 94 0 1187 2
0 1187 2 1 410 0 1187 2
0 1187 2 1 429 0 1187 2
0 1187 2 1 429 0 1187 2
0 1187 2 1 429 0 1187 2
0 1187 2 1 429 0 1187 2
0 1178 155 1 420 0 1178 155
0 1187 2 1 151 0 1187 2
0 1187 2 1 1133 0 1187 2
0 1187 2 1 1133 0 1187 2
0 1187 2 1 999 0 1187 2
0 1187 2 1 999 0 1187 2
0 1187 2 1 1077 0 1187 2
0 1187 2 1 184 0 1187 2
0 1187 2 1 599 0 1187 2
0 1187 2 1 599 0 1187 2
0 1187 2 1 599 0 1187 2
0 1187 2 1 120 0 1187 2
0 1187 2 1 180 0 1187 2
0 1187 2 1 916 0 1187 2
0 1187 2 1 916 0 1187 2
0 1162 427 1 184 0 1162 427
0 1187 2 1 30 0 1187 2
0 1187 2 1 30 0 1187 2
0 1187 2 1 30 0 1187 2
0 1187 2 1 655 0 1187 2
0 1187 2 1 655 0 1187 2
0 1187 2 1 655 0 1187 2
0 1187 2 1 125 0 1187 2
0 1187 2 1 125 0 1187 2
0 1187 2 1 125 0 1187 2
0 1187 2 1 507 0 1187 2
0 1187 2 1 1081 0 1187 2
0 1187 2 1 745 0 1187 2
0 1187 2 1 412 0 1187 2
0 1187 2 1 412 0 1187 2
0 1187 2 1 451 0 1187 2
0 1187 2 1 770 0 1187 2
0 1187 2 1 383 0 1187 2
0 1187 2 1 618 0 1187 2
0 1187 2 1 85 0 1187 2
0 1187 2 1 85 0 1187 2
0 1187 2 1 1010 0 1187 2
0 1187 2 1 995 0 1187 2
0 1187 2 1 368 0 1187 2
0 1187 2 1 481 0 1187 2
0 1187 2 1 66 0 1187 2
0 1187 2 1 221 0 1187 2
0 1187 2 1 840 0 1187 2
0 1187 2 1 840 0 1187 2
0 1184 53 1 221 0 1184 53
0 1187 2 1 842 0 1187 2
0 1187 2 1 842 0 1187 2
0 1187 2 1 842 0 1187 2
0 1187 2 1 1156 0 1187 2
0 1187 2 1 824 0 1187 2
0 1187 2 1 824 0 1187 2
0 1187 2 1 824 0 1187 2
0 1186 19 1 824 0 1186 19
0 1187 2 1 816 0 1187 2
0 1187 2 1 337 0 1187 2
0 1187 2 1 755 0 1187 2
0 1187 2 1 1176 0 1187 2
0 1187 2 1 520 0 1187 2
0 1187 2 1 1055 0 1187 2
0 1187 2 1 839 0 1187 2
0 1187 2 1 839 0 1187 2
0 1141 784 2 770 0 1134 775 479 0 7 9
0 1187 2 1 841 0 1187 2
0 1187 2 1 1086 0 1187 2
0 1187 2 1 595 0 1187 2
0 1114 1243 2 180 0 1012 1237 877 0 102 6
-1
10 78
0 2449 12 1 63 0 2449 12
0 2449 12 1 63 0 2449 12
0 2449 12 1 1189 0 2449 12
0 2449 12 1 897 0 2449 12
0 2449 12 1 761 0 2449 12
0 2449 12 1 797 0 2449 12
0 2449 12 1 1065 0 2449 12
0 2449 12 1 740 0 2449 12
0 2449 12 1 122 0 2449 12
0 2449 12 1 122 0 2449 12
0 2449 12 1 122 0 2449 12
0 2449 12 1 122 0 2449 12
0 2449 12 1 1064 0 2449 12
0 2449 12 1 78 0 2449 12
0 2449 12 1 206 0 2449 12
0 2449 12 1 616 0 2449 12
0 2449 12 1 979 0 2449 12
0 2449 12 1 979 0 2449 12
0 2449 12 1 1124 0 2449 12
0 2449 12 1 434 0 2449 12
0 2449 12 1 434 0 2449 12
0 2449 12 1 723 0 2449 12
0 2449 12 1 723 0 2449 12
0 2449 12 1 723 0 2449 12
0 2449 12 1 1043 0 2449 12
0 2449 12 1 7 0 2449 12
0 2449 12 1 765 0 2449 12
0 2449 12 1 1160 0 2449 12
0 2449 12 1 861 0 2449 12
0 2449 12 1 343 0 2449 12
0 2449 12 1 455 0 2449 12
0 2449 12 1 455 0 2449 12
0 2449 12 1 776 0 2449 12
0 2449 12 1 72 0 2449 12
0 2449 12 1 72 0 2449 12
0 2449 12 1 130 0 2449 12
0 2449 12 1 601 0 2449 12
0 2449 12 1 1011 0 2449 12
0 2449 12 1 1011 0 2449 12
0 2449 12 1 1093 0 2449 12
0 2449 12 1 1093 0 2449 12
0 2449 12 1 338 0 2449 12
0 2449 12 1 777 0 2449 12
0 2449 12 1 894 0 2449 12
0 2449 12 1 894 0 2449 12
0 2449 12 1 954 0 2449 12
0 2449 12 1 149 0 2449 12
0 2449 12 1 149 0 2449 12
0 2449 12 1 149 0 2449 12
0 2449 12 1 46 0 2449 12
0 2449 12 1 376 0 2449 12
0 2449 12 1 943 0 2449 12
0 2449 12 1 711 0 2449 12
0 2449 12 1 711 0 2449 12
0 2449 12 1 181 0 2449 12
0 2449 12 1 640 0 2449 12
0 2449 12 1 640 0 2449 12
0 2449 12 1 16 0 2449 12
0 2449 12 1 1172 0 2449 12
0 2449 12 1 1172 0 2449 12
0 2449 12 1 763 0 2449 12
0 2449 12 1 779 0 2449 12
0 2449 12 1 1004 0 2449 12
0 2449 12 1 1004 0 2449 12
0 2449 12 1 1004 0 2449 12
0 2449 12 1 667 0 2449 12
0 2449 12 1 959 0 2449 12
0 2449 12 1 959 0 2449 12
0 2449 12 1 154 0 2449 12
0 2449 12 1 350 0 2449 12
0 2449 12 1 868 0 2449 12
0 2449 12 1 1153 0 2449 12
0 2449 12 1 402 0 2449 12
0 2449 12 1 716 0 2449 12
0 2449 12 1 716 0 2449 12
0 2449 12 1 716 0 2449 12
0 2449 12 1 385 0 2449 12
0 2347 1746 3 120 0 1094 813 412 0 978 930 861 0 275 3
-1
11 87
0 2581 13 1 433 0 2581 13
0 2581 13 1 433 0 2581 13
0 2581 13 1 433 0 2581 13
0 2581 13 1 477 0 2581 13
0 2581 13 1 477 0 2581 13
0 2581 13 1 493 0 2581 13
0 2581 13 1 493 0 2581 13
0 2581 13 1 9 0 2581 13
0 2581 13 1 9 0 2581 13
0 2581 13 1 148 0 2581 13
0 2581 13 1 148 0 2581 13
0 2581 13 1 148 0 2581 13
0 2581 13 1 148 0 2581 13
0 2581 13 1 931 0 2581 13
0 2581 13 1 961 0 2581 13
0 2581 13 1 348 0 2581 13
0 2581 13 1 348 0 2581 13
0 2581 13 1 553 0 2581 13
0 2581 13 1 539 0 2581 13
0 2581 13 1 672 0 2581 13
0 2581 13 1 672 0 2581 13
0 2581 13 1 672 0 2581 13
0 2581 13 1 672 0 2581 13
0 2581 13 1 399 0 2581 13
0 2581 13 1 399 0 2581 13
0 2581 13 1 399 0 2581 13
0 2581 13 1 66 0 2581 13
0 2581 13 1 145 0 2581 13
0 2581 13 1 145 0 2581 13
0 2581 13 1 145 0 2581 13
0 2581 13 1 96 0 2581 13
0 2581 13 1 96 0 2581 13
0 2581 13 1 96 0 2581 13
0 2581 13 1 96 0 2581 13
0 2581 13 1 159 0 2581 13
0 2581 13 1 159 0 2581 13
0 2581 13 1 159 0 2581 13
0 2581 13 1 159 0 2581 13
0 2581 13 1 977 0 2581 13
0 2581 13 1 977 0 2581 13
0 2581 13 1 203 0 2581 13
0 2581 13 1 203 0 2581 13
0 2581 13 1 57 0 2581 13
0 2581 13 1 57 0 2581 13
0 2581 13 1 495 0 2581 13
0 2581 13 1 495 0 2581 13
0 2581 13 1 495 0 2581 13
0 2581 13 1 857 0 2581 13
0 2581 13 1 857 0 2581 13
0 2581 13 1 532 0 2581 13
0 2581 13 1 532 0 2581 13
0 2581 13 1 722 0 2581 13
0 2581 13 1 722 0 2581 13
0 2581 13 1 1021 0 2581 13
0 2581 13 1 1021 0 2581 13
0 2581 13 1 1021 0 2581 13
0 2581 13 1 1074 0 2581 13
0 2581 13 1 1074 0 2581 13
0 2581 13 1 1074 0 2581 13
0 2581 13 1 725 0 2581 13
0 2581 13 1 725 0 2581 13
0 2581 13 1 124 0 2581 13
0 2581 13 1 124 0 2581 13
0 2581 13 1 124 0 2581 13
0 2581 13 1 774 0 2581 13
0 2581 13 1 56 0 2581 13
0 2581 13 1 56 0 2581 13
0 2581 13 1 192 0 2581 13
0 2581 13 1 1069 0 2581 13
0 2581 13 1 1008 0 2581 13
0 2581 13 1 186 0 2581 13
0 2581 13 1 186 0 2581 13
0 2581 13 1 33 0 2581 13
0 2581 13 1 33 0 2581 13
0 2581 13 1 164 0 2581 13
0 2581 13 1 75 0 2581 13
0 2581 13 1 118 0 2581 13
0 2581 13 1 118 0 2581 13
0 2581 13 1 588 0 2581 13
0 2581 13 1 588 0 2581 13
0 2581 13 1 1034 0 2581 13
0 2581 13 1 1034 0 2581 13
0 2581 13 1 1034 0 2581 13
0 2581 13 1 970 0 2581 13
0 2581 13 1 970 0 2581 13
0 2581 13 1 1098 0 2581 13
0 822 929 1 433 0 822 929
-1
12 67
0 2231 0 1 662 0 2231 0
0 2231 0 1 662 0 2231 0
0 2231 0 1 271 0 2231 0
0 2231 0 1 603 0 2231 0
0 2231 0 1 721 0 2231 0
0 2231 0 1 1028 0 2231 0
0 2231 0 1 466 0 2231 0
0 2231 0 1 962 0 2231 0
0 2231 0 1 1033 0 2231 0
0 2231 0 1 227 0 2231 0
0 2231 0 1 227 0 2231 0
0 2231 0 1 109 0 2231 0
0 2231 0 1 720 0 2231 0
0 2231 0 1 1137 0 2231 0
0 2231 0 1 49 0 2231 0
0 2231 0 1 61 0 2231 0
0 2231 0 1 287 0 2231 0
0 2231 0 1 591 0 2231 0
0 2231 0 1 1138 0 2231 0
0 2231 0 1 415 0 2231 0
0 2231 0 1 555 0 2231 0
0 2231 0 1 1113 0 2231 0
0 2231 0 1 270 0 2231 0
0 2231 0 1 270 0 2231 0
0 2231 0 1 1037 0 2231 0
0 2231 0 1 43 0 2231 0
0 2231 0 1 283 0 2231 0
0 2231 0 1 800 0 2231 0
0 2231 0 1 1071 0 2231 0
0 2231 0 1 1071 0 2231 0
0 2231 0 1 934 0 2231 0
0 2231 0 1 934 0 2231 0
0 2231 0 1 898 0 2231 0
0 2231 0 1 36 0 2231 0
0 2231 0 1 36 0 2231 0
0 2231 0 1 361 0 2231 0
0 2231 0 1 286 0 2231 0
0 2231 0 1 286 0 2231 0
0 2231 0 1 195 0 2231 0
0 2231 0 1 195 0 2231 0
0 2231 0 1 195 0 2231 0
0 2231 0 1 344 0 2231 0
0 2231 0 1 1048 0 2231 0
0 2231 0 1 1181 0 2231 0
0 2231 0 1 545 0 2231 0
0 2231 0 1 165 0 2231 0
0 2231 0 1 238 0 2231 0
0 2231 0 1 621 0 2231 0
0 2231 0 1 799 0 2231 0
0 2231 0 1 872 0 2231 0
0 2231 0 1 1126 0 2231 0
0 2231 0 1 1136 0 2231 0
0 2231 0 1 714 0 2231 0
0 2231 0 1 823 0 2231 0
0 2231 0 1 823 0 2231 0
0 2231 0 1 492 0 2231 0
0 2231 0 1 255 0 2231 0
0 2231 0 1 255 0 2231 0
0 2231 0 1 753 0 2231 0
0 2231 0 1 753 0 2231 0
0 2231 0 1 989 0 2231 0
0 2231 0 1 1027 0 2231 0
0 2231 0 1 121 0 2231 0
0 2231 0 1 121 0 2231 0
0 2231 0 1 121 0 2231 0
0 2231 0 1 121 0 2231 0
0 2155 1292 2 175 0 1355 1289 734 0 800 3
-1
13 105
0 1933 11 1 1077 0 1933 11
0 1933 11 1 1077 0 1933 11
0 1933 11 1 1077 0 1933 11
0 1933 11 1 1077 0 1933 11
0 1933 11 1 133 0 1933 11
0 1933 11 1 133 0 1933 11
0 1933 11 1 133 0 1933 11
0 1933 11 1 587 0 1933 11
0 1933 11 1 587 0 1933 11
0 1933 11 1 587 0 1933 11
0 1933 11 1 587 0 1933 11
0 1933 11 1 587 0 1933 11
0 1933 11 1 587 0 1933 11
0 1933 11 1 593 0 1933 11
0 1933 11 1 593 0 1933 11
0 1933 11 1 593 0 1933 11
0 1933 11 1 1017 0 1933 11
0 1933 11 1 1017 0 1933 11
0 1933 11 1 1017 0 1933 11
0 1933 11 1 745 0 1933 11
0 1933 11 1 745 0 1933 11
0 1933 11 1 745 0 1933 11
0 1933 11 1 1117 0 1933 11
0 1933 11 1 1117 0 1933 11
0 1933 11 1 666 0 1933 11
0 1933 11 1 507 0 1933 11
0 1933 11 1 507 0 1933 11
0 1933 11 1 762 0 1933 11
0 1933 11 1 762 0 1933 11
0 1933 11 1 762 0 1933 11
0 1933 11 1 762 0 1933 11
0 1933 11 1 762 0 1933 11
0 1933 11 1 383 0 1933 11
0 1933 11 1 383 0 1933 11
0 1933 11 1 451 0 1933 11
0 1933 11 1 451 0 1933 11
0 1933 11 1 451 0 1933 11
0 1933 11 1 451 0 1933 11
0 1933 11 1 451 0 1933 11
0 1933 11 1 451 0 1933 11
0 1933 11 1 502 0 1933 11
0 1933 11 1 502 0 1933 11
0 1933 11 1 366 0 1933 11
0 1933 11 1 366 0 1933 11
0 1933 11 1 366 0 1933 11
0 1933 11 1 366 0 1933 11
0 1933 11 1 366 0 1933 11
0 1933 11 1 366 0 1933 11
0 1933 11 1 368 0 1933 11
0 1933 11 1 1090 0 1933 11
0 1933 11 1 1090 0 1933 11
0 1933 11 1 1090 0 1933 11
0 1933 11 1 1090 0 1933 11
0 1933 11 1 1100 0 1933 11
0 1933 11 1 1100 0 1933 11
0 1933 11 1 842 0 1933 11
0 1933 11 1 1156 0 1933 11
0 1933 11 1 1156 0 1933 11
0 1933 11 1 755 0 1933 11
0 1933 11 1 755 0 1933 11
0 1933 11 1 520 0 1933 11
0 1933 11 1 282 0 1933 11
0 1933 11 1 282 0 1933 11
0 1933 11 1 595 0 1933 11
0 1933 11 1 595 0 1933 11
0 1933 11 1 1096 0 1933 11
0 1933 11 1 1096 0 1933 11
0 1933 11 1 1096 0 1933 11
0 1933 11 1 1096 0 1933 11
0 1933 11 1 1096 0 1933 11
0 1933 11 1 508 0 1933 11
0 1933 11 1 508 0 1933 11
0 1933 11 1 508 0 1933 11
0 1933 11 1 1086 0 1933 11
0 1933 11 1 330 0 1933 11
0 1933 11 1 330 0 1933 11
0 1933 11 1 330 0 1933 11
0 1933 11 1 330 0 1933 11
0 1933 11 1 330 0 1933 11
0 1933 11 1 1024 0 1933 11
0 1933 11 1 1024 0 1933 11
0 1933 11 1 1024 0 1933 11
0 1933 11 1 602 0 1933 11
0 1933 11 1 602 0 1933 11
0 1933 11 1 602 0 1933 11
0 1933 11 1 602 0 1933 11
0 1933 11 1 602 0 1933 11
0 1933 11 1 1108 0 1933 11
0 1933 11 1 1108 0 1933 11
0 1933 11 1 1108 0 1933 11
0 1933 11 1 1108 0 1933 11
0 1933 11 1 1108 0 1933 11
0 1933 11 1 1108 0 1933 11
0 1933 11 1 536 0 1933 11
0 1933 11 1 536 0 1933 11
0 1933 11 1 536 0 1933 11
0 1933 11 1 536 0 1933 11
0 1933 11 1 557 0 1933 11
0 1933 11 1 557 0 1933 11
0 1933 11 1 557 0 1933 11
0 1933 11 1 557 0 1933 11
0 1933 11 1 557 0 1933 11
0 1862 1218 2 1096 0 1648 1202 595 0 214 16
0 798 700 1 133 0 798 700
0 54 951 1 1077 0 54 951
-1
14 94
0 2377 0 1 108 0 2377 0
0 2377 0 1 108 0 2377 0
0 2377 0 1 108 0 2377 0
0 2377 0 1 108 0 2377 0
0 2377 0 1 115 0 2377 0
0 2377 0 1 115 0 2377 0
0 2377 0 1 115 0 2377 0
0 2377 0 1 115 0 2377 0
0 2377 0 1 448 0 2377 0
0 2377 0 1 448 0 2377 0
0 2377 0 1 448 0 2377 0
0 2377 0 1 448 0 2377 0
0 2377 0 1 448 0 2377 0
0 2377 0 1 1006 0 2377 0
0 2377 0 1 1006 0 2377 0
0 2377 0 1 1006 0 2377 0
0 2377 0 1 1006 0 2377 0
0 2377 0 1 212 0 2377 0
0 2377 0 1 212 0 2377 0
0 2377 0 1 212 0 2377 0
0 2377 0 1 835 0 2377 0
0 2377 0 1 835 0 2377 0
0 2377 0 1 835 0 2377 0
0 2377 0 1 835 0 2377 0
0 2377 0 1 835 0 2377 0
0 2377 0 1 305 0 2377 0
0 2377 0 1 305 0 2377 0
0 2377 0 1 1165 0 2377 0
0 2377 0 1 1165 0 2377 0
0 2377 0 1 1165 0 2377 0
0 2377 0 1 1165 0 2377 0
0 2377 0 1 1165 0 2377 0
0 2377 0 1 638 0 2377 0
0 2377 0 1 638 0 2377 0
0 2377 0 1 638 0 2377 0
0 2377 0 1 638 0 2377 0
0 2377 0 1 849 0 2377 0
0 2377 0 1 849 0 2377 0
0 2377 0 1 41 0 2377 0
0 2377 0 1 325 0 2377 0
0 2377 0 1 325 0 2377 0
0 2377 0 1 87 0 2377 0
0 2377 0 1 165 0 2377 0
0 2377 0 1 165 0 2377 0
0 2377 0 1 165 0 2377 0
0 2377 0 1 1039 0 2377 0
0 2377 0 1 1039 0 2377 0
0 2377 0 1 1039 0 2377 0
0 2377 0 1 44 0 2377 0
0 2377 0 1 44 0 2377 0
0 2377 0 1 44 0 2377 0
0 2377 0 1 44 0 2377 0
0 2377 0 1 82 0 2377 0
0 2377 0 1 82 0 2377 0
0 2377 0 1 231 0 2377 0
0 2377 0 1 231 0 2377 0
0 2377 0 1 231 0 2377 0
0 2377 0 1 231 0 2377 0
0 2377 0 1 239 0 2377 0
0 2377 0 1 239 0 2377 0
0 2377 0 1 239 0 2377 0
0 2377 0 1 239 0 2377 0
0 2377 0 1 472 0 2377 0
0 2377 0 1 472 0 2377 0
0 2377 0 1 538 0 2377 0
0 2377 0 1 538 0 2377 0
0 2377 0 1 911 0 2377 0
0 2377 0 1 911 0 2377 0
0 2377 0 1 911 0 2377 0
0 2377 0 1 24 0 2377 0
0 2377 0 1 24 0 2377 0
0 2377 0 1 24 0 2377 0
0 2377 0 1 24 0 2377 0
0 2377 0 1 24 0 2377 0
0 2377 0 1 828 0 2377 0
0 2377 0 1 828 0 2377 0
0 2377 0 1 77 0 2377 0
0 2377 0 1 77 0 2377 0
0 2377 0 1 77 0 2377 0
0 2377 0 1 77 0 2377 0
0 2377 0 1 77 0 2377 0
0 2377 0 1 559 0 2377 0
0 2377 0 1 559 0 2377 0
0 2377 0 1 559 0 2377 0
0 2377 0 1 559 0 2377 0
0 2377 0 1 559 0 2377 0
0 2377 0 1 357 0 2377 0
0 2377 0 1 357 0 2377 0
0 2377 0 1 357 0 2377 0
0 2377 0 1 357 0 2377 0
0 2377 0 1 138 0 2377 0
0 2377 0 1 138 0 2377 0
0 2377 0 1 138 0 2377 0
0 2377 0 1 138 0 2377 0
-1
15 71
0 1725 11 1 662 0 1725 11
0 1725 11 1 271 0 1725 11
0 1725 11 1 744 0 1725 11
0 1725 11 1 345 0 1725 11
0 1725 11 1 603 0 1725 11
0 1725 11 1 1028 0 1725 11
0 1725 11 1 1028 0 1725 11
0 1725 11 1 1097 0 1725 11
0 1725 11 1 1033 0 1725 11
0 1725 11 1 1033 0 1725 11
0 1725 11 1 1101 0 1725 11
0 1725 11 1 109 0 1725 11
0 1725 11 1 109 0 1725 11
0 1725 11 1 720 0 1725 11
0 1725 11 1 1137 0 1725 11
0 1725 11 1 1137 0 1725 11
0 1725 11 1 61 0 1725 11
0 1725 11 1 287 0 1725 11
0 1725 11 1 287 0 1725 11
0 1725 11 1 591 0 1725 11
0 1725 11 1 591 0 1725 11
0 1725 11 1 719 0 1725 11
0 1725 11 1 614 0 1725 11
0 1725 11 1 418 0 1725 11
0 1725 11 1 246 0 1725 11
0 1725 11 1 573 0 1725 11
0 1725 11 1 573 0 1725 11
0 1725 11 1 579 0 1725 11
0 1725 11 1 283 0 1725 11
0 1725 11 1 281 0 1725 11
0 1725 11 1 499 0 1725 11
0 1725 11 1 1019 0 1725 11
0 1725 11 1 1071 0 1725 11
0 1725 11 1 1122 0 1725 11
0 1725 11 1 934 0 1725 11
0 1725 11 1 41 0 1725 11
0 1725 11 1 1036 0 1725 11
0 1725 11 1 1036 0 1725 11
0 1725 11 1 36 0 1725 11
0 1725 11 1 36 0 1725 11
0 1725 11 1 929 0 1725 11
0 1725 11 1 929 0 1725 11
0 1725 11 1 692 0 1725 11
0 1725 11 1 692 0 1725 11
0 1725 11 1 692 0 1725 11
0 1725 11 1 773 0 1725 11
0 1725 11 1 558 0 1725 11
0 1695 521 1 1181 0 1695 521
0 1725 11 1 621 0 1725 11
0 1725 11 1 799 0 1725 11
0 1725 11 1 799 0 1725 11
0 1725 11 1 353 0 1725 11
0 1725 11 1 1126 0 1725 11
0 1725 11 1 1136 0 1725 11
0 1725 11 1 1136 0 1725 11
0 1725 11 1 714 0 1725 11
0 1725 11 1 714 0 1725 11
0 1725 11 1 64 0 1725 11
0 1725 11 1 64 0 1725 11
0 1725 11 1 64 0 1725 11
0 1725 11 1 823 0 1725 11
0 1725 11 1 823 0 1725 11
0 1725 11 1 823 0 1725 11
0 1725 11 1 1013 0 1725 11
0 1725 11 1 1013 0 1725 11
0 1725 11 1 1013 0 1725 11
0 1725 11 1 492 0 1725 11
0 1725 11 1 537 0 1725 11
0 1725 11 1 537 0 1725 11
0 1725 11 1 110 0 1725 11
0 1645 1371 2 1028 0 1255 1369 1097 0 390 2
-1
16 82
0 2080 3 1 63 0 2080 3
0 2080 3 1 1189 0 2080 3
0 2080 3 1 1189 0 2080 3
0 2080 3 1 772 0 2080 3
0 2080 3 1 797 0 2080 3
0 2080 3 1 1065 0 2080 3
0 2080 3 1 1065 0 2080 3
0 2080 3 1 12 0 2080 3
0 2080 3 1 740 0 2080 3
0 2080 3 1 695 0 2080 3
0 2080 3 1 695 0 2080 3
0 2080 3 1 695 0 2080 3
0 2080 3 1 78 0 2080 3
0 2080 3 1 140 0 2080 3
0 2080 3 1 140 0 2080 3
0 2080 3 1 206 0 2080 3
0 2080 3 1 206 0 2080 3
0 2080 3 1 206 0 2080 3
0 2080 3 1 616 0 2080 3
0 2080 3 1 616 0 2080 3
0 2080 3 1 979 0 2080 3
0 2080 3 1 1124 0 2080 3
0 2080 3 1 1124 0 2080 3
0 2080 3 1 483 0 2080 3
0 2080 3 1 570 0 2080 3
0 2080 3 1 723 0 2080 3
0 2080 3 1 1043 0 2080 3
0 2080 3 1 1043 0 2080 3
0 2080 3 1 7 0 2080 3
0 2080 3 1 7 0 2080 3
0 2080 3 1 7 0 2080 3
0 2080 3 1 542 0 2080 3
0 2080 3 1 765 0 2080 3
0 2080 3 1 1160 0 2080 3
0 2080 3 1 861 0 2080 3
0 2080 3 1 343 0 2080 3
0 2080 3 1 455 0 2080 3
0 2080 3 1 455 0 2080 3
0 2080 3 1 776 0 2080 3
0 2080 3 1 130 0 2080 3
0 2080 3 1 130 0 2080 3
0 2080 3 1 130 0 2080 3
0 2080 3 1 601 0 2080 3
0 2080 3 1 601 0 2080 3
0 2080 3 1 1011 0 2080 3
0 2080 3 1 170 0 2080 3
0 2080 3 1 170 0 2080 3
0 2080 3 1 170 0 2080 3
0 2080 3 1 338 0 2080 3
0 2080 3 1 338 0 2080 3
0 2080 3 1 894 0 2080 3
0 2080 3 1 149 0 2080 3
0 2080 3 1 46 0 2080 3
0 2080 3 1 359 0 2080 3
0 2080 3 1 793 0 2080 3
0 2080 3 1 376 0 2080 3
0 2080 3 1 1091 0 2080 3
0 2080 3 1 810 0 2080 3
0 2080 3 1 943 0 2080 3
0 2080 3 1 711 0 2080 3
0 2080 3 1 711 0 2080 3
0 2080 3 1 640 0 2080 3
0 2080 3 1 16 0 2080 3
0 2080 3 1 763 0 2080 3
0 2080 3 1 779 0 2080 3
0 2080 3 1 1004 0 2080 3
0 2080 3 1 540 0 2080 3
0 2080 3 1 667 0 2080 3
0 2080 3 1 959 0 2080 3
0 2080 3 1 154 0 2080 3
0 2080 3 1 282 0 2080 3
0 2080 3 1 868 0 2080 3
0 2080 3 1 1014 0 2080 3
0 2080 3 1 1014 0 2080 3
0 2080 3 1 1153 0 2080 3
0 2080 3 1 1153 0 2080 3
0 2080 3 1 402 0 2080 3
0 2080 3 1 716 0 2080 3
0 2080 3 1 716 0 2080 3
0 2080 3 1 385 0 2080 3
0 2015 1108 2 979 0 1067 1093 1124 0 948 15
0 1999 1380 3 140 0 1051 573 761 0 843 806 1189 0 105 1
-1
17 87
0 1362 9 1 440 0 1362 9
0 1362 9 1 440 0 1362 9
0 1362 9 1 440 0 1362 9
0 1362 9 1 59 0 1362 9
0 1362 9 1 59 0 1362 9
0 1362 9 1 204 0 1362 9
0 1362 9 1 901 0 1362 9
0 1362 9 1 795 0 1362 9
0 1362 9 1 637 0 1362 9
0 1362 9 1 637 0 1362 9
0 1362 9 1 637 0 1362 9
0 1362 9 1 637 0 1362 9
0 1362 9 1 141 0 1362 9
0 1362 9 1 141 0 1362 9
0 1362 9 1 141 0 1362 9
0 1362 9 1 539 0 1362 9
0 1362 9 1 539 0 1362 9
0 1362 9 1 805 0 1362 9
0 1362 9 1 805 0 1362 9
0 1362 9 1 805 0 1362 9
0 1362 9 1 805 0 1362 9
0 1362 9 1 1080 0 1362 9
0 1362 9 1 1080 0 1362 9
0 1362 9 1 445 0 1362 9
0 1362 9 1 445 0 1362 9
0 1362 9 1 445 0 1362 9
0 1362 9 1 445 0 1362 9
0 1362 9 1 445 0 1362 9
0 1362 9 1 240 0 1362 9
0 1362 9 1 240 0 1362 9
0 1362 9 1 335 0 1362 9
0 1362 9 1 335 0 1362 9
0 1362 9 1 335 0 1362 9
0 1362 9 1 335 0 1362 9
0 1362 9 1 739 0 1362 9
0 1362 9 1 739 0 1362 9
0 1362 9 1 739 0 1362 9
0 1362 9 1 739 0 1362 9
0 1362 9 1 742 0 1362 9
0 1362 9 1 742 0 1362 9
0 1362 9 1 742 0 1362 9
0 1362 9 1 1081 0 1362 9
0 1362 9 1 1081 0 1362 9
0 1362 9 1 525 0 1362 9
0 1362 9 1 525 0 1362 9
0 1362 9 1 317 0 1362 9
0 1362 9 1 317 0 1362 9
0 1362 9 1 474 0 1362 9
0 1362 9 1 474 0 1362 9
0 1362 9 1 178 0 1362 9
0 1362 9 1 178 0 1362 9
0 1362 9 1 178 0 1362 9
0 1362 9 1 1016 0 1362 9
0 1362 9 1 1016 0 1362 9
0 1362 9 1 851 0 1362 9
0 1362 9 1 851 0 1362 9
0 1362 9 1 288 0 1362 9
0 1362 9 1 288 0 1362 9
0 1362 9 1 288 0 1362 9
0 1362 9 1 733 0 1362 9
0 1362 9 1 733 0 1362 9
0 1362 9 1 733 0 1362 9
0 1362 9 1 733 0 1362 9
0 1362 9 1 75 0 1362 9
0 1362 9 1 75 0 1362 9
0 1362 9 1 75 0 1362 9
0 1362 9 1 671 0 1362 9
0 1362 9 1 1174 0 1362 9
0 1362 9 1 95 0 1362 9
0 1362 9 1 95 0 1362 9
0 1362 9 1 922 0 1362 9
0 1362 9 1 560 0 1362 9
0 1362 9 1 560 0 1362 9
0 1362 9 1 160 0 1362 9
0 1362 9 1 160 0 1362 9
0 1362 9 1 160 0 1362 9
0 1362 9 1 825 0 1362 9
0 1362 9 1 211 0 1362 9
0 1362 9 1 211 0 1362 9
0 1362 9 1 211 0 1362 9
0 1362 9 1 211 0 1362 9
0 1362 9 1 211 0 1362 9
0 1362 9 1 1020 0 1362 9
0 1362 9 1 1020 0 1362 9
0 1362 9 1 1020 0 1362 9
0 1362 9 1 1020 0 1362 9
0 1362 9 1 1020 0 1362 9
-1
18 67
0 1412 5 1 176 0 1412 5
0 1412 5 1 635 0 1412 5
0 1412 5 1 635 0 1412 5
0 1412 5 1 635 0 1412 5
0 1412 5 1 465 0 1412 5
0 1412 5 1 465 0 1412 5
0 1412 5 1 813 0 1412 5
0 1412 5 1 251 0 1412 5
0 1412 5 1 251 0 1412 5
0 1412 5 1 457 0 1412 5
0 1412 5 1 457 0 1412 5
0 1412 5 1 535 0 1412 5
0 1412 5 1 1119 0 1412 5
0 1412 5 1 883 0 1412 5
0 1412 5 1 371 0 1412 5
0 1412 5 1 674 0 1412 5
0 1412 5 1 582 0 1412 5
0 1412 5 1 783 0 1412 5
0 1412 5 1 783 0 1412 5
0 1412 5 1 783 0 1412 5
0 1412 5 1 783 0 1412 5
0 1383 498 1 526 0 1383 498
0 1412 5 1 15 0 1412 5
0 1412 5 1 15 0 1412 5
0 1412 5 1 1163 0 1412 5
0 1412 5 1 202 0 1412 5
0 1412 5 1 6 0 1412 5
0 1412 5 1 568 0 1412 5
0 1412 5 1 568 0 1412 5
0 1412 5 1 1168 0 1412 5
0 1412 5 1 1168 0 1412 5
0 1412 5 1 904 0 1412 5
0 1412 5 1 968 0 1412 5
0 1412 5 1 572 0 1412 5
0 1412 5 1 748 0 1412 5
0 1412 5 1 955 0 1412 5
0 1412 5 1 936 0 1412 5
0 1412 5 1 600 0 1412 5
0 1412 5 1 108 0 1412 5
0 1412 5 1 956 0 1412 5
0 1412 5 1 134 0 1412 5
0 1412 5 1 134 0 1412 5
0 1412 5 1 563 0 1412 5
0 1412 5 1 1067 0 1412 5
0 1412 5 1 811 0 1412 5
0 1412 5 1 552 0 1412 5
0 1412 5 1 528 0 1412 5
0 1412 5 1 528 0 1412 5
0 1412 5 1 615 0 1412 5
0 1412 5 1 25 0 1412 5
0 1412 5 1 1040 0 1412 5
0 1412 5 1 1040 0 1412 5
0 1412 5 1 1106 0 1412 5
0 1412 5 1 500 0 1412 5
0 1412 5 1 313 0 1412 5
0 1412 5 1 313 0 1412 5
0 1412 5 1 498 0 1412 5
0 1412 5 1 1045 0 1412 5
0 1412 5 1 241 0 1412 5
0 1375 634 1 165 0 1375 634
0 1353 1008 2 23 0 1339 995 1062 0 14 13
0 1412 5 1 315 0 1412 5
0 1412 5 1 678 0 1412 5
0 1412 5 1 678 0 1412 5
0 1412 5 1 310 0 1412 5
0 1326 1467 2 1165 0 1309 1466 1062 0 17 1
0 1343 1178 2 984 0 956 1170 635 0 387 8
-1
19 85
0 2817 11 1 98 0 2817 11
0 2817 11 1 879 0 2817 11
0 2817 11 1 254 0 2817 11
0 2817 11 1 254 0 2817 11
0 2817 11 1 479 0 2817 11
0 2817 11 1 479 0 2817 11
0 2817 11 1 1052 0 2817 11
0 2817 11 1 1052 0 2817 11
0 2817 11 1 1052 0 2817 11
0 2817 11 1 94 0 2817 11
0 2817 11 1 410 0 2817 11
0 2817 11 1 420 0 2817 11
0 2817 11 1 420 0 2817 11
0 2817 11 1 429 0 2817 11
0 2817 11 1 463 0 2817 11
0 2817 11 1 463 0 2817 11
0 2817 11 1 32 0 2817 11
0 2817 11 1 32 0 2817 11
0 2817 11 1 151 0 2817 11
0 2817 11 1 151 0 2817 11
0 2817 11 1 1133 0 2817 11
0 2817 11 1 1133 0 2817 11
0 2817 11 1 431 0 2817 11
0 2817 11 1 431 0 2817 11
0 2817 11 1 999 0 2817 11
0 2817 11 1 648 0 2817 11
0 2817 11 1 648 0 2817 11
0 2817 11 1 648 0 2817 11
0 2817 11 1 877 0 2817 11
0 2817 11 1 184 0 2817 11
0 2817 11 1 184 0 2817 11
0 2817 11 1 599 0 2817 11
0 2817 11 1 599 0 2817 11
0 2817 11 1 120 0 2817 11
0 2817 11 1 916 0 2817 11
0 2817 11 1 369 0 2817 11
0 2817 11 1 369 0 2817 11
0 2817 11 1 30 0 2817 11
0 2817 11 1 258 0 2817 11
0 2817 11 1 655 0 2817 11
0 2817 11 1 125 0 2817 11
0 2817 11 1 125 0 2817 11
0 2817 11 1 590 0 2817 11
0 2817 11 1 590 0 2817 11
0 2817 11 1 1081 0 2817 11
0 2817 11 1 1081 0 2817 11
0 2817 11 1 1081 0 2817 11
0 2817 11 1 951 0 2817 11
0 2817 11 1 951 0 2817 11
0 2817 11 1 951 0 2817 11
0 2817 11 1 412 0 2817 11
0 2817 11 1 819 0 2817 11
0 2817 11 1 819 0 2817 11
0 2817 11 1 819 0 2817 11
0 2817 11 1 875 0 2817 11
0 2817 11 1 368 0 2817 11
0 2817 11 1 670 0 2817 11
0 2817 11 1 670 0 2817 11
0 2817 11 1 1142 0 2817 11
0 2817 11 1 1142 0 2817 11
0 2817 11 1 850 0 2817 11
0 2817 11 1 850 0 2817 11
0 2817 11 1 221 0 2817 11
0 2817 11 1 527 0 2817 11
0 2817 11 1 840 0 2817 11
0 2817 11 1 1090 0 2817 11
0 2817 11 1 1156 0 2817 11
0 2817 11 1 824 0 2817 11
0 2817 11 1 824 0 2817 11
0 2817 11 1 816 0 2817 11
0 2817 11 1 816 0 2817 11
0 2817 11 1 337 0 2817 11
0 2817 11 1 755 0 2817 11
0 2817 11 1 755 0 2817 11
0 2817 11 1 375 0 2817 11
0 2817 11 1 1055 0 2817 11
0 2817 11 1 1055 0 2817 11
0 2817 11 1 839 0 2817 11
0 2817 11 1 839 0 2817 11
0 2817 11 1 870 0 2817 11
0 2817 11 1 841 0 2817 11
0 2817 11 1 841 0 2817 11
0 2817 11 1 1086 0 2817 11
0 1047 842 1 479 0 1047 842
0 140 707 1 98 0 140 707
-1
20 64
0 2353 8 1 176 0 2353 8
0 2353 8 1 635 0 2353 8
0 2353 8 1 984 0 2353 8
0 2353 8 1 652 0 2353 8
0 2353 8 1 652 0 2353 8
0 2353 8 1 465 0 2353 8
0 2353 8 1 813 0 2353 8
0 2353 8 1 535 0 2353 8
0 2353 8 1 1119 0 2353 8
0 2353 8 1 1119 0 2353 8
0 2353 8 1 316 0 2353 8
0 2353 8 1 510 0 2353 8
0 2353 8 1 510 0 2353 8
0 2353 8 1 883 0 2353 8
0 2353 8 1 371 0 2353 8
0 2353 8 1 582 0 2353 8
0 2353 8 1 15 0 2353 8
0 2353 8 1 15 0 2353 8
0 2353 8 1 1062 0 2353 8
0 2353 8 1 1163 0 2353 8
0 2353 8 1 1163 0 2353 8
0 2353 8 1 1042 0 2353 8
0 2353 8 1 1042 0 2353 8
0 2353 8 1 6 0 2353 8
0 2353 8 1 6 0 2353 8
0 2353 8 1 234 0 2353 8
0 2353 8 1 568 0 2353 8
0 2353 8 1 568 0 2353 8
0 2353 8 1 1168 0 2353 8
0 2353 8 1 904 0 2353 8
0 2353 8 1 577 0 2353 8
0 2353 8 1 577 0 2353 8
0 2353 8 1 485 0 2353 8
0 2353 8 1 485 0 2353 8
0 2353 8 1 497 0 2353 8
0 2353 8 1 882 0 2353 8
0 2353 8 1 882 0 2353 8
0 2353 8 1 166 0 2353 8
0 2353 8 1 966 0 2353 8
0 2353 8 1 168 0 2353 8
0 2353 8 1 168 0 2353 8
0 2353 8 1 168 0 2353 8
0 2353 8 1 188 0 2353 8
0 2353 8 1 552 0 2353 8
0 2353 8 1 552 0 2353 8
0 2353 8 1 528 0 2353 8
0 2353 8 1 957 0 2353 8
0 2353 8 1 615 0 2353 8
0 2353 8 1 615 0 2353 8
0 2353 8 1 880 0 2353 8
0 2353 8 1 129 0 2353 8
0 2353 8 1 360 0 2353 8
0 2353 8 1 1197 0 2353 8
0 2353 8 1 356 0 2353 8
0 2353 8 1 914 0 2353 8
0 2353 8 1 1045 0 2353 8
0 2353 8 1 1045 0 2353 8
0 2353 8 1 319 0 2353 8
0 2353 8 1 315 0 2353 8
0 2353 8 1 678 0 2353 8
0 2353 8 1 678 0 2353 8
0 2353 8 1 678 0 2353 8
0 2353 8 1 678 0 2353 8
0 644 923 1 176 0 644 923
-1
21 67
0 1602 2 1 176 0 1602 2
0 1602 2 1 635 0 1602 2
0 1602 2 1 652 0 1602 2
0 1602 2 1 457 0 1602 2
0 1602 2 1 457 0 1602 2
0 1602 2 1 457 0 1602 2
0 1602 2 1 564 0 1602 2
0 1602 2 1 535 0 1602 2
0 1602 2 1 131 0 1602 2
0 1602 2 1 883 0 1602 2
0 1602 2 1 883 0 1602 2
0 1602 2 1 883 0 1602 2
0 1602 2 1 280 0 1602 2
0 1602 2 1 371 0 1602 2
0 1602 2 1 371 0 1602 2
0 1602 2 1 392 0 1602 2
0 1602 2 1 582 0 1602 2
0 1602 2 1 582 0 1602 2
0 1602 2 1 783 0 1602 2
0 1602 2 1 15 0 1602 2
0 1602 2 1 15 0 1602 2
0 1602 2 1 715 0 1602 2
0 1602 2 1 6 0 1602 2
0 1602 2 1 6 0 1602 2
0 1602 2 1 5 0 1602 2
0 1602 2 1 234 0 1602 2
0 1602 2 1 234 0 1602 2
0 1602 2 1 568 0 1602 2
0 1602 2 1 568 0 1602 2
0 1602 2 1 968 0 1602 2
0 1602 2 1 968 0 1602 2
0 1602 2 1 731 0 1602 2
0 1602 2 1 23 0 1602 2
0 1602 2 1 268 0 1602 2
0 1602 2 1 485 0 1602 2
0 1602 2 1 485 0 1602 2
0 1602 2 1 497 0 1602 2
0 1602 2 1 882 0 1602 2
0 1602 2 1 882 0 1602 2
0 1602 2 1 134 0 1602 2
0 1602 2 1 134 0 1602 2
0 1602 2 1 563 0 1602 2
0 1602 2 1 563 0 1602 2
0 1602 2 1 563 0 1602 2
0 1602 2 1 563 0 1602 2
0 1602 2 1 741 0 1602 2
0 1602 2 1 790 0 1602 2
0 1602 2 1 1007 0 1602 2
0 1602 2 1 325 0 1602 2
0 1602 2 1 1066 0 1602 2
0 1602 2 1 169 0 1602 2
0 1602 2 1 188 0 1602 2
0 1602 2 1 690 0 1602 2
0 1602 2 1 212 0 1602 2
0 1602 2 1 528 0 1602 2
0 1602 2 1 880 0 1602 2
0 1602 2 1 1040 0 1602 2
0 1602 2 1 313 0 1602 2
0 1602 2 1 313 0 1602 2
0 1602 2 1 241 0 1602 2
0 1602 2 1 923 0 1602 2
0 1602 2 1 69 0 1602 2
0 1602 2 1 315 0 1602 2
0 1602 2 1 42 0 1602 2
0 1602 2 1 310 0 1602 2
0 1543 1005 2 564 0 1321 993 465 0 222 12
0 919 1625 2 652 0 594 1019 465 0 325 606
-1
22 70
0 1480 3 1 271 0 1480 3
0 1480 3 1 271 0 1480 3
0 1480 3 1 271 0 1480 3
0 1480 3 1 873 0 1480 3
0 1480 3 1 873 0 1480 3
0 1480 3 1 873 0 1480 3
0 1480 3 1 1097 0 1480 3
0 1480 3 1 466 0 1480 3
0 1480 3 1 962 0 1480 3
0 1480 3 1 1033 0 1480 3
0 1480 3 1 1101 0 1480 3
0 1480 3 1 720 0 1480 3
0 1480 3 1 720 0 1480 3
0 1480 3 1 1137 0 1480 3
0 1447 564 2 744 0 1444 561 662 0 3 3
0 1480 3 1 287 0 1480 3
0 1480 3 1 591 0 1480 3
0 1480 3 1 743 0 1480 3
0 1480 3 1 743 0 1480 3
0 1480 3 1 719 0 1480 3
0 1480 3 1 759 0 1480 3
0 1480 3 1 759 0 1480 3
0 1480 3 1 415 0 1480 3
0 1480 3 1 1009 0 1480 3
0 1480 3 1 246 0 1480 3
0 1480 3 1 246 0 1480 3
0 1480 3 1 555 0 1480 3
0 1480 3 1 220 0 1480 3
0 1480 3 1 220 0 1480 3
0 1480 3 1 270 0 1480 3
0 1480 3 1 1037 0 1480 3
0 1480 3 1 1037 0 1480 3
0 1480 3 1 43 0 1480 3
0 1416 1091 1 555 0 1416 1091
0 1480 3 1 283 0 1480 3
0 1480 3 1 499 0 1480 3
0 1480 3 1 499 0 1480 3
0 1480 3 1 734 0 1480 3
0 1480 3 1 361 0 1480 3
0 1480 3 1 692 0 1480 3
0 1480 3 1 195 0 1480 3
0 1480 3 1 344 0 1480 3
0 1480 3 1 773 0 1480 3
0 1480 3 1 1048 0 1480 3
0 1480 3 1 238 0 1480 3
0 1480 3 1 621 0 1480 3
0 1480 3 1 799 0 1480 3
0 1480 3 1 872 0 1480 3
0 1480 3 1 1126 0 1480 3
0 1480 3 1 714 0 1480 3
0 1480 3 1 64 0 1480 3
0 1480 3 1 823 0 1480 3
0 1480 3 1 823 0 1480 3
0 1480 3 1 175 0 1480 3
0 1480 3 1 175 0 1480 3
0 1480 3 1 175 0 1480 3
0 1480 3 1 1013 0 1480 3
0 1480 3 1 1013 0 1480 3
0 1480 3 1 492 0 1480 3
0 1480 3 1 492 0 1480 3
0 1480 3 1 52 0 1480 3
0 1480 3 1 52 0 1480 3
0 1480 3 1 52 0 1480 3
0 1480 3 1 537 0 1480 3
0 1480 3 1 537 0 1480 3
0 1480 3 1 462 0 1480 3
0 1480 3 1 566 0 1480 3
0 1480 3 1 574 0 1480 3
0 1480 3 1 574 0 1480 3
0 1435 768 2 579 0 1342 764 1138 0 93 4
-1
23 84
0 1332 1 1 477 0 1332 1
0 1332 1 1 477 0 1332 1
0 1332 1 1 477 0 1332 1
0 1332 1 1 477 0 1332 1
0 1332 1 1 493 0 1332 1
0 1332 1 1 493 0 1332 1
0 1332 1 1 493 0 1332 1
0 1332 1 1 148 0 1332 1
0 1332 1 1 931 0 1332 1
0 1332 1 1 931 0 1332 1
0 1332 1 1 931 0 1332 1
0 1332 1 1 931 0 1332 1
0 1332 1 1 931 0 1332 1
0 1332 1 1 961 0 1332 1
0 1332 1 1 348 0 1332 1
0 1332 1 1 348 0 1332 1
0 1332 1 1 348 0 1332 1
0 1332 1 1 348 0 1332 1
0 1332 1 1 553 0 1332 1
0 1332 1 1 672 0 1332 1
0 1332 1 1 672 0 1332 1
0 1332 1 1 66 0 1332 1
0 1332 1 1 66 0 1332 1
0 1332 1 1 66 0 1332 1
0 1332 1 1 66 0 1332 1
0 1332 1 1 145 0 1332 1
0 1332 1 1 145 0 1332 1
0 1332 1 1 145 0 1332 1
0 1332 1 1 145 0 1332 1
0 1332 1 1 96 0 1332 1
0 1332 1 1 159 0 1332 1
0 1332 1 1 977 0 1332 1
0 1332 1 1 977 0 1332 1
0 1332 1 1 203 0 1332 1
0 1332 1 1 203 0 1332 1
0 1332 1 1 203 0 1332 1
0 1332 1 1 203 0 1332 1
0 1327 86 1 203 0 1327 86
0 1332 1 1 1178 0 1332 1
0 1332 1 1 532 0 1332 1
0 1332 1 1 722 0 1332 1
0 1332 1 1 722 0 1332 1
0 1332 1 1 722 0 1332 1
0 1332 1 1 1021 0 1332 1
0 1332 1 1 1021 0 1332 1
0 1332 1 1 1074 0 1332 1
0 1332 1 1 1074 0 1332 1
0 1332 1 1 1074 0 1332 1
0 1332 1 1 725 0 1332 1
0 1332 1 1 1103 0 1332 1
0 1332 1 1 124 0 1332 1
0 1332 1 1 124 0 1332 1
0 1332 1 1 124 0 1332 1
0 1332 1 1 774 0 1332 1
0 1332 1 1 56 0 1332 1
0 1332 1 1 56 0 1332 1
0 1332 1 1 56 0 1332 1
0 1332 1 1 56 0 1332 1
0 1332 1 1 192 0 1332 1
0 1332 1 1 192 0 1332 1
0 1332 1 1 192 0 1332 1
0 1332 1 1 192 0 1332 1
0 1332 1 1 1069 0 1332 1
0 1332 1 1 1069 0 1332 1
0 1332 1 1 1008 0 1332 1
0 1332 1 1 1008 0 1332 1
0 1332 1 1 1008 0 1332 1
0 1270 1055 1 758 0 1270 1055
0 1332 1 1 342 0 1332 1
0 1332 1 1 33 0 1332 1
0 1332 1 1 164 0 1332 1
0 1332 1 1 75 0 1332 1
0 1332 1 1 75 0 1332 1
0 1332 1 1 118 0 1332 1
0 1332 1 1 118 0 1332 1
0 1332 1 1 588 0 1332 1
0 1332 1 1 588 0 1332 1
0 1332 1 1 307 0 1332 1
0 1332 1 1 307 0 1332 1
0 1332 1 1 307 0 1332 1
0 1332 1 1 1034 0 1332 1
0 1332 1 1 1034 0 1332 1
0 1266 1123 2 493 0 1174 1119 433 0 92 4
0 1292 681 2 9 0 1138 674 433 0 154 7
-1
24 82
0 3160 16 1 5 0 3160 16
0 3160 16 1 5 0 3160 16
0 3160 16 1 564 0 3160 16
0 3160 16 1 564 0 3160 16
0 3160 16 1 1062 0 3160 16
0 3160 16 1 1062 0 3160 16
0 3160 16 1 813 0 3160 16
0 3160 16 1 955 0 3160 16
0 3160 16 1 955 0 3160 16
0 3160 16 1 731 0 3160 16
0 3160 16 1 526 0 3160 16
0 3160 16 1 526 0 3160 16
0 3160 16 1 526 0 3160 16
0 3160 16 1 600 0 3160 16
0 3160 16 1 600 0 3160 16
0 3160 16 1 956 0 3160 16
0 3160 16 1 956 0 3160 16
0 3160 16 1 23 0 3160 16
0 3160 16 1 23 0 3160 16
0 3160 16 1 166 0 3160 16
0 3160 16 1 700 0 3160 16
0 3160 16 1 760 0 3160 16
0 3160 16 1 760 0 3160 16
0 3160 16 1 760 0 3160 16
0 3160 16 1 966 0 3160 16
0 3156 84 1 760 0 3156 84
0 3160 16 1 790 0 3160 16
0 3160 16 1 790 0 3160 16
0 3160 16 1 596 0 3160 16
0 3160 16 1 596 0 3160 16
0 3160 16 1 596 0 3160 16
0 3160 16 1 684 0 3160 16
0 3160 16 1 684 0 3160 16
0 3160 16 1 684 0 3160 16
0 3160 16 1 684 0 3160 16
0 3160 16 1 887 0 3160 16
0 3160 16 1 887 0 3160 16
0 3160 16 1 887 0 3160 16
0 3160 16 1 169 0 3160 16
0 3160 16 1 169 0 3160 16
0 3160 16 1 169 0 3160 16
0 3160 16 1 1007 0 3160 16
0 3160 16 1 1007 0 3160 16
0 3160 16 1 1067 0 3160 16
0 3160 16 1 1067 0 3160 16
0 3160 16 1 1066 0 3160 16
0 3160 16 1 1066 0 3160 16
0 3160 16 1 325 0 3160 16
0 3160 16 1 690 0 3160 16
0 3160 16 1 690 0 3160 16
0 3160 16 1 690 0 3160 16
0 3160 16 1 811 0 3160 16
0 3160 16 1 150 0 3160 16
0 3160 16 1 129 0 3160 16
0 3160 16 1 129 0 3160 16
0 3160 16 1 129 0 3160 16
0 3160 16 1 680 0 3160 16
0 3160 16 1 680 0 3160 16
0 3160 16 1 680 0 3160 16
0 3160 16 1 1111 0 3160 16
0 3160 16 1 1111 0 3160 16
0 3160 16 1 1111 0 3160 16
0 3160 16 1 189 0 3160 16
0 3160 16 1 189 0 3160 16
0 3160 16 1 319 0 3160 16
0 3160 16 1 914 0 3160 16
0 3160 16 1 914 0 3160 16
0 3160 16 1 914 0 3160 16
0 3160 16 1 923 0 3160 16
0 3160 16 1 923 0 3160 16
0 3160 16 1 923 0 3160 16
0 3160 16 1 395 0 3160 16
0 3160 16 1 395 0 3160 16
0 3160 16 1 395 0 3160 16
0 3160 16 1 1188 0 3160 16
0 3160 16 1 1188 0 3160 16
0 3160 16 1 42 0 3160 16
0 3160 16 1 310 0 3160 16
0 3160 16 1 310 0 3160 16
0 3160 16 1 1068 0 3160 16
0 3160 16 1 1068 0 3160 16
0 3103 985 2 1188 0 2797 981 955 0 306 4
-1
25 79
0 1460 7 1 171 0 1460 7
0 1460 7 1 171 0 1460 7
0 1460 7 1 334 0 1460 7
0 1460 7 1 334 0 1460 7
0 1460 7 1 334 0 1460 7
0 1460 7 1 334 0 1460 7
0 1460 7 1 661 0 1460 7
0 1460 7 1 747 0 1460 7
0 1460 7 1 747 0 1460 7
0 1460 7 1 945 0 1460 7
0 1460 7 1 945 0 1460 7
0 1460 7 1 945 0 1460 7
0 1460 7 1 329 0 1460 7
0 1460 7 1 329 0 1460 7
0 1460 7 1 329 0 1460 7
0 1460 7 1 200 0 1460 7
0 1460 7 1 336 0 1460 7
0 1460 7 1 469 0 1460 7
0 1460 7 1 469 0 1460 7
0 1460 7 1 469 0 1460 7
0 1460 7 1 469 0 1460 7
0 1460 7 1 736 0 1460 7
0 1460 7 1 135 0 1460 7
0 1460 7 1 1085 0 1460 7
0 1460 7 1 1085 0 1460 7
0 1460 7 1 379 0 1460 7
0 1460 7 1 379 0 1460 7
0 1460 7 1 379 0 1460 7
0 1460 7 1 390 0 1460 7
0 1460 7 1 390 0 1460 7
0 1460 7 1 460 0 1460 7
0 1460 7 1 975 0 1460 7
0 1460 7 1 86 0 1460 7
0 1460 7 1 86 0 1460 7
0 1460 7 1 156 0 1460 7
0 1460 7 1 156 0 1460 7
0 1460 7 1 404 0 1460 7
0 1460 7 1 404 0 1460 7
0 1460 7 1 464 0 1460 7
0 1460 7 1 489 0 1460 7
0 1460 7 1 489 0 1460 7
0 1460 7 1 489 0 1460 7
0 1460 7 1 489 0 1460 7
0 1460 7 1 992 0 1460 7
0 1460 7 1 992 0 1460 7
0 1460 7 1 219 0 1460 7
0 1460 7 1 219 0 1460 7
0 1460 7 1 443 0 1460 7
0 1460 7 1 237 0 1460 7
0 1460 7 1 322 0 1460 7
0 1460 7 1 983 0 1460 7
0 1460 7 1 983 0 1460 7
0 1460 7 1 659 0 1460 7
0 1460 7 1 659 0 1460 7
0 1460 7 1 659 0 1460 7
0 1460 7 1 546 0 1460 7
0 1460 7 1 886 0 1460 7
0 1460 7 1 886 0 1460 7
0 1460 7 1 101 0 1460 7
0 1460 7 1 347 0 1460 7
0 1460 7 1 505 0 1460 7
0 1460 7 1 505 0 1460 7
0 1460 7 1 127 0 1460 7
0 1460 7 1 127 0 1460 7
0 1460 7 1 515 0 1460 7
0 1460 7 1 632 0 1460 7
0 1440 347 1 567 0 1440 347
0 1460 7 1 1079 0 1460 7
0 1445 262 1 272 0 1445 262
0 1460 7 1 349 0 1460 7
0 1460 7 1 677 0 1460 7
0 1460 7 1 964 0 1460 7
0 1460 7 1 11 0 1460 7
0 1460 7 1 11 0 1460 7
0 1460 7 1 806 0 1460 7
0 1460 7 1 512 0 1460 7
0 1460 7 1 512 0 1460 7
0 1380 1367 2 404 0 1056 1364 747 0 324 3
0 762 882 2 452 0 762 480 334 0 0 402
-1
26 83
0 2844 15 1 65 0 2844 15
0 2844 15 1 65 0 2844 15
0 2844 15 1 248 0 2844 15
0 2844 15 1 517 0 2844 15
0 2844 15 1 517 0 2844 15
0 2844 15 1 498 0 2844 15
0 2844 15 1 498 0 2844 15
0 2844 15 1 498 0 2844 15
0 2844 15 1 653 0 2844 15
0 2844 15 1 653 0 2844 15
0 2844 15 1 653 0 2844 15
0 2844 15 1 1084 0 2844 15
0 2844 15 1 1084 0 2844 15
0 2844 15 1 1084 0 2844 15
0 2844 15 1 29 0 2844 15
0 2844 15 1 29 0 2844 15
0 2844 15 1 187 0 2844 15
0 2844 15 1 187 0 2844 15
0 2844 15 1 187 0 2844 15
0 2844 15 1 1186 0 2844 15
0 2844 15 1 1186 0 2844 15
0 2844 15 1 69 0 2844 15
0 2844 15 1 69 0 2844 15
0 2844 15 1 19 0 2844 15
0 2844 15 1 19 0 2844 15
0 2844 15 1 356 0 2844 15
0 2844 15 1 356 0 2844 15
0 2844 15 1 356 0 2844 15
0 2844 15 1 971 0 2844 15
0 2844 15 1 971 0 2844 15
0 2844 15 1 971 0 2844 15
0 2844 15 1 971 0 2844 15
0 2844 15 1 1114 0 2844 15
0 2844 15 1 1114 0 2844 15
0 2835 168 1 1114 0 2835 168
0 2844 15 1 144 0 2844 15
0 2844 15 1 144 0 2844 15
0 2844 15 1 144 0 2844 15
0 2844 15 1 144 0 2844 15
0 2844 15 1 318 0 2844 15
0 2844 15 1 1115 0 2844 15
0 2844 15 1 1115 0 2844 15
0 2844 15 1 1115 0 2844 15
0 2844 15 1 1032 0 2844 15
0 2844 15 1 1032 0 2844 15
0 2844 15 1 373 0 2844 15
0 2844 15 1 569 0 2844 15
0 2844 15 1 939 0 2844 15
0 2844 15 1 939 0 2844 15
0 2844 15 1 223 0 2844 15
0 2844 15 1 223 0 2844 15
0 2844 15 1 664 0 2844 15
0 2844 15 1 664 0 2844 15
0 2844 15 1 664 0 2844 15
0 2844 15 1 948 0 2844 15
0 2844 15 1 948 0 2844 15
0 2844 15 1 948 0 2844 15
0 2844 15 1 948 0 2844 15
0 2844 15 1 978 0 2844 15
0 2844 15 1 978 0 2844 15
0 2844 15 1 978 0 2844 15
0 2844 15 1 837 0 2844 15
0 2844 15 1 837 0 2844 15
0 2844 15 1 837 0 2844 15
0 2844 15 1 54 0 2844 15
0 2844 15 1 54 0 2844 15
0 2844 15 1 339 0 2844 15
0 2844 15 1 339 0 2844 15
0 2844 15 1 339 0 2844 15
0 2844 15 1 20 0 2844 15
0 2844 15 1 20 0 2844 15
0 2844 15 1 20 0 2844 15
0 2844 15 1 685 0 2844 15
0 2844 15 1 524 0 2844 15
0 2844 15 1 571 0 2844 15
0 2844 15 1 808 0 2844 15
0 2844 15 1 1159 0 2844 15
0 2844 15 1 277 0 2844 15
0 2844 15 1 696 0 2844 15
0 2844 15 1 696 0 2844 15
0 2844 15 1 696 0 2844 15
0 2677 2849 3 223 0 1188 734 187 0 1066 1165 1084 0 423 950
0 1816 1077 2 724 0 1164 560 248 0 652 517
-1
27 78
0 2399 7 1 98 0 2399 7
0 2399 7 1 879 0 2399 7
0 2399 7 1 454 0 2399 7
0 2399 7 1 454 0 2399 7
0 2399 7 1 454 0 2399 7
0 2399 7 1 454 0 2399 7
0 2399 7 1 37 0 2399 7
0 2399 7 1 410 0 2399 7
0 2399 7 1 410 0 2399 7
0 2399 7 1 410 0 2399 7
0 2399 7 1 420 0 2399 7
0 2399 7 1 420 0 2399 7
0 2399 7 1 429 0 2399 7
0 2399 7 1 463 0 2399 7
0 2399 7 1 151 0 2399 7
0 2399 7 1 151 0 2399 7
0 2399 7 1 511 0 2399 7
0 2399 7 1 511 0 2399 7
0 2399 7 1 511 0 2399 7
0 2399 7 1 1133 0 2399 7
0 2399 7 1 431 0 2399 7
0 2399 7 1 999 0 2399 7
0 2399 7 1 648 0 2399 7
0 2399 7 1 648 0 2399 7
0 2399 7 1 666 0 2399 7
0 2399 7 1 55 0 2399 7
0 2399 7 1 55 0 2399 7
0 2399 7 1 599 0 2399 7
0 2399 7 1 120 0 2399 7
0 2399 7 1 258 0 2399 7
0 2399 7 1 258 0 2399 7
0 2399 7 1 655 0 2399 7
0 2399 7 1 655 0 2399 7
0 2399 7 1 125 0 2399 7
0 2399 7 1 590 0 2399 7
0 2399 7 1 951 0 2399 7
0 2399 7 1 412 0 2399 7
0 2399 7 1 770 0 2399 7
0 2399 7 1 770 0 2399 7
0 2399 7 1 85 0 2399 7
0 2399 7 1 85 0 2399 7
0 2399 7 1 875 0 2399 7
0 2399 7 1 368 0 2399 7
0 2399 7 1 368 0 2399 7
0 2399 7 1 670 0 2399 7
0 2399 7 1 670 0 2399 7
0 2399 7 1 850 0 2399 7
0 2399 7 1 850 0 2399 7
0 2399 7 1 221 0 2399 7
0 2399 7 1 527 0 2399 7
0 2399 7 1 527 0 2399 7
0 2399 7 1 527 0 2399 7
0 2399 7 1 840 0 2399 7
0 2399 7 1 840 0 2399 7
0 2399 7 1 840 0 2399 7
0 2399 7 1 1100 0 2399 7
0 2399 7 1 842 0 2399 7
0 2399 7 1 824 0 2399 7
0 2399 7 1 337 0 2399 7
0 2399 7 1 755 0 2399 7
0 2399 7 1 1176 0 2399 7
0 2399 7 1 1176 0 2399 7
0 2399 7 1 520 0 2399 7
0 2399 7 1 520 0 2399 7
0 2399 7 1 375 0 2399 7
0 2399 7 1 375 0 2399 7
0 2399 7 1 375 0 2399 7
0 2399 7 1 375 0 2399 7
0 2399 7 1 1055 0 2399 7
0 2399 7 1 1055 0 2399 7
0 2399 7 1 839 0 2399 7
0 2399 7 1 870 0 2399 7
0 2399 7 1 841 0 2399 7
0 2399 7 1 1086 0 2399 7
0 2399 7 1 1086 0 2399 7
0 2399 7 1 330 0 2399 7
0 2309 1537 3 487 0 1107 869 94 0 884 660 254 0 318 8
0 1003 673 1 879 0 1003 673
-1
28 96
0 1310 2 1 174 0 1310 2
0 1310 2 1 174 0 1310 2
0 1310 2 1 174 0 1310 2
0 1310 2 1 174 0 1310 2
0 1310 2 1 174 0 1310 2
0 1310 2 1 174 0 1310 2
0 1310 2 1 174 0 1310 2
0 1310 2 1 174 0 1310 2
0 1310 2 1 174 0 1310 2
0 1310 2 1 174 0 1310 2
0 1310 2 1 613 0 1310 2
0 1310 2 1 613 0 1310 2
0 1310 2 1 613 0 1310 2
0 1310 2 1 613 0 1310 2
0 1310 2 1 613 0 1310 2
0 1310 2 1 613 0 1310 2
0 1310 2 1 613 0 1310 2
0 1310 2 1 613 0 1310 2
0 1310 2 1 613 0 1310 2
0 1310 2 1 703 0 1310 2
0 1310 2 1 703 0 1310 2
0 1310 2 1 703 0 1310 2
0 1310 2 1 703 0 1310 2
0 1310 2 1 703 0 1310 2
0 1310 2 1 703 0 1310 2
0 1310 2 1 703 0 1310 2
0 1310 2 1 703 0 1310 2
0 1310 2 1 703 0 1310 2
0 1310 2 1 703 0 1310 2
0 1310 2 1 801 0 1310 2
0 1310 2 1 801 0 1310 2
0 1310 2 1 801 0 1310 2
0 1310 2 1 801 0 1310 2
0 1310 2 1 801 0 1310 2
0 1310 2 1 801 0 1310 2
0 1310 2 1 801 0 1310 2
0 1310 2 1 801 0 1310 2
0 1310 2 1 71 0 1310 2
0 1310 2 1 71 0 1310 2
0 1310 2 1 71 0 1310 2
0 1310 2 1 71 0 1310 2
0 1310 2 1 71 0 1310 2
0 1310 2 1 71 0 1310 2
0 1310 2 1 71 0 1310 2
0 1310 2 1 273 0 1310 2
0 1310 2 1 273 0 1310 2
0 1310 2 1 273 0 1310 2
0 1310 2 1 273 0 1310 2
0 1310 2 1 74 0 1310 2
0 1310 2 1 74 0 1310 2
0 1310 2 1 74 0 1310 2
0 1310 2 1 569 0 1310 2
0 1310 2 1 569 0 1310 2
0 1310 2 1 724 0 1310 2
0 1310 2 1 724 0 1310 2
0 1310 2 1 724 0 1310 2
0 1310 2 1 832 0 1310 2
0 1310 2 1 832 0 1310 2
0 1310 2 1 832 0 1310 2
0 1310 2 1 832 0 1310 2
0 1310 2 1 832 0 1310 2
0 1310 2 1 832 0 1310 2
0 1310 2 1 832 0 1310 2
0 1310 2 1 832 0 1310 2
0 1310 2 1 832 0 1310 2
0 1310 2 1 187 0 1310 2
0 1310 2 1 754 0 1310 2
0 1310 2 1 144 0 1310 2
0 1310 2 1 248 0 1310 2
0 1310 2 1 318 0 1310 2
0 1310 2 1 505 0 1310 2
0 1310 2 1 505 0 1310 2
0 1310 2 1 982 0 1310 2
0 1310 2 1 899 0 1310 2
0 1310 2 1 373 0 1310 2
0 1310 2 1 20 0 1310 2
0 1310 2 1 20 0 1310 2
0 1310 2 1 20 0 1310 2
0 1310 2 1 788 0 1310 2
0 1310 2 1 645 0 1310 2
0 1310 2 1 829 0 1310 2
0 1251 1005 1 313 0 1251 1005
0 1266 750 2 611 0 1258 734 174 0 8 16
0 1310 2 1 82 0 1310 2
0 1310 2 1 675 0 1310 2
0 1310 2 1 41 0 1310 2
0 1310 2 1 717 0 1310 2
0 1310 2 1 717 0 1310 2
0 1310 2 1 24 0 1310 2
0 1310 2 1 1044 0 1310 2
0 1276 580 1 472 0 1276 580
0 1310 2 1 3 0 1310 2
0 1232 1328 2 54 0 1060 1314 31 0 172 14
0 1250 1022 2 664 0 1017 1016 174 0 233 6
0 441 1341 1 613 0 441 1341
0 96 1451 1 174 0 96 1451
-1
29 86
0 2785 0 1 389 0 2785 0
0 2785 0 1 389 0 2785 0
0 2785 0 1 389 0 2785 0
0 2785 0 1 697 0 2785 0
0 2785 0 1 697 0 2785 0
0 2785 0 1 697 0 2785 0
0 2785 0 1 697 0 2785 0
0 2785 0 1 1025 0 2785 0
0 2785 0 1 1025 0 2785 0
0 2785 0 1 1025 0 2785 0
0 2724 1037 1 1025 0 2724 1037
0 2785 0 1 224 0 2785 0
0 2785 0 1 224 0 2785 0
0 2785 0 1 27 0 2785 0
0 2785 0 1 471 0 2785 0
0 2785 0 1 471 0 2785 0
0 2785 0 1 471 0 2785 0
0 2785 0 1 484 0 2785 0
0 2785 0 1 484 0 2785 0
0 2785 0 1 681 0 2785 0
0 2785 0 1 681 0 2785 0
0 2785 0 1 902 0 2785 0
0 2785 0 1 902 0 2785 0
0 2785 0 1 902 0 2785 0
0 2785 0 1 1095 0 2785 0
0 2785 0 1 1095 0 2785 0
0 2785 0 1 1095 0 2785 0
0 2785 0 1 237 0 2785 0
0 2785 0 1 237 0 2785 0
0 2785 0 1 237 0 2785 0
0 2785 0 1 139 0 2785 0
0 2785 0 1 139 0 2785 0
0 2785 0 1 139 0 2785 0
0 2785 0 1 139 0 2785 0
0 2785 0 1 461 0 2785 0
0 2785 0 1 461 0 2785 0
0 2785 0 1 464 0 2785 0
0 2785 0 1 818 0 2785 0
0 2785 0 1 818 0 2785 0
0 2785 0 1 818 0 2785 0
0 2785 0 1 973 0 2785 0
0 2785 0 1 973 0 2785 0
0 2785 0 1 973 0 2785 0
0 2785 0 1 162 0 2785 0
0 2785 0 1 162 0 2785 0
0 2785 0 1 162 0 2785 0
0 2785 0 1 767 0 2785 0
0 2785 0 1 767 0 2785 0
0 2785 0 1 767 0 2785 0
0 2785 0 1 1143 0 2785 0
0 2785 0 1 1143 0 2785 0
0 2785 0 1 1143 0 2785 0
0 2785 0 1 447 0 2785 0
0 2785 0 1 285 0 2785 0
0 2785 0 1 285 0 2785 0
0 2785 0 1 128 0 2785 0
0 2785 0 1 128 0 2785 0
0 2785 0 1 128 0 2785 0
0 2785 0 1 128 0 2785 0
0 2785 0 1 554 0 2785 0
0 2785 0 1 554 0 2785 0
0 2785 0 1 554 0 2785 0
0 2785 0 1 347 0 2785 0
0 2785 0 1 347 0 2785 0
0 2785 0 1 347 0 2785 0
0 2785 0 1 347 0 2785 0
0 2785 0 1 346 0 2785 0
0 2785 0 1 346 0 2785 0
0 2785 0 1 346 0 2785 0
0 2785 0 1 127 0 2785 0
0 2785 0 1 127 0 2785 0
0 2785 0 1 515 0 2785 0
0 2785 0 1 515 0 2785 0
0 2785 0 1 521 0 2785 0
0 2785 0 1 521 0 2785 0
0 2785 0 1 1068 0 2785 0
0 2785 0 1 632 0 2785 0
0 2785 0 1 112 0 2785 0
0 2785 0 1 112 0 2785 0
0 2785 0 1 641 0 2785 0
0 2785 0 1 641 0 2785 0
0 2785 0 1 730 0 2785 0
0 2785 0 1 903 0 2785 0
0 2423 2161 2 1085 0 1227 967 529 0 1196 1194
0 1790 1280 2 975 0 1218 561 22 0 572 719
0 739 1008 1 14 0 739 1008
-1
30 173
0 1394 11 1 752 0 1394 11
0 1394 11 1 752 0 1394 11
0 1394 11 1 752 0 1394 11
0 1394 11 1 752 0 1394 11
0 1394 11 1 752 0 1394 11
0 1394 11 1 161 0 1394 11
0 1394 11 1 161 0 1394 11
0 1394 11 1 161 0 1394 11
0 1394 11 1 161 0 1394 11
0 1394 11 1 161 0 1394 11
0 1394 11 1 158 0 1394 11
0 1394 11 1 158 0 1394 11
0 1394 11 1 158 0 1394 11
0 1394 11 1 158 0 1394 11
0 1394 11 1 158 0 1394 11
0 1394 11 1 158 0 1394 11
0 1394 11 1 158 0 1394 11
0 1394 11 1 158 0 1394 11
0 1394 11 1 631 0 1394 11
0 1394 11 1 631 0 1394 11
0 1394 11 1 631 0 1394 11
0 1394 11 1 631 0 1394 11
0 1394 11 1 631 0 1394 11
0 1394 11 1 631 0 1394 11
0 1394 11 1 631 0 1394 11
0 1394 11 1 276 0 1394 11
0 1394 11 1 276 0 1394 11
0 1394 11 1 276 0 1394 11
0 1394 11 1 276 0 1394 11
0 1394 11 1 276 0 1394 11
0 1394 11 1 491 0 1394 11
0 1394 11 1 491 0 1394 11
0 1394 11 1 491 0 1394 11
0 1394 11 1 491 0 1394 11
0 1394 11 1 491 0 1394 11
0 1394 11 1 622 0 1394 11
0 1394 11 1 622 0 1394 11
0 1394 11 1 622 0 1394 11
0 1394 11 1 622 0 1394 11
0 1394 11 1 622 0 1394 11
0 1394 11 1 622 0 1394 11
0 1394 11 1 771 0 1394 11
0 1394 11 1 771 0 1394 11
0 1394 11 1 771 0 1394 11
0 1394 11 1 771 0 1394 11
0 1394 11 1 771 0 1394 11
0 1394 11 1 771 0 1394 11
0 1394 11 1 771 0 1394 11
0 1394 11 1 771 0 1394 11
0 1394 11 1 771 0 1394 11
0 1394 11 1 792 0 1394 11
0 1394 11 1 792 0 1394 11
0 1394 11 1 792 0 1394 11
0 1394 11 1 792 0 1394 11
0 1394 11 1 856 0 1394 11
0 1394 11 1 856 0 1394 11
0 1394 11 1 856 0 1394 11
0 1394 11 1 856 0 1394 11
0 1394 11 1 856 0 1394 11
0 1394 11 1 856 0 1394 11
0 1394 11 1 856 0 1394 11
0 1394 11 1 856 0 1394 11
0 1394 11 1 915 0 1394 11
0 1394 11 1 915 0 1394 11
0 1394 11 1 915 0 1394 11
0 1394 11 1 915 0 1394 11
0 1394 11 1 915 0 1394 11
0 1394 11 1 915 0 1394 11
0 1394 11 1 1094 0 1394 11
0 1394 11 1 1094 0 1394 11
0 1394 11 1 1094 0 1394 11
0 1394 11 1 1094 0 1394 11
0 1394 11 1 1094 0 1394 11
0 1394 11 1 1094 0 1394 11
0 1394 11 1 1094 0 1394 11
0 1394 11 1 1094 0 1394 11
0 1394 11 1 1094 0 1394 11
0 1394 11 1 607 0 1394 11
0 1394 11 1 607 0 1394 11
0 1394 11 1 607 0 1394 11
0 1394 11 1 607 0 1394 11
0 1394 11 1 607 0 1394 11
0 1394 11 1 1104 0 1394 11
0 1394 11 1 1104 0 1394 11
0 1394 11 1 1104 0 1394 11
0 1394 11 1 1104 0 1394 11
0 1394 11 1 1104 0 1394 11
0 1394 11 1 1104 0 1394 11
0 1394 11 1 1104 0 1394 11
0 1394 11 1 405 0 1394 11
0 1394 11 1 405 0 1394 11
0 1394 11 1 405 0 1394 11
0 1394 11 1 405 0 1394 11
0 1394 11 1 405 0 1394 11
0 1394 11 1 405 0 1394 11
0 1394 11 1 45 0 1394 11
0 1394 11 1 45 0 1394 11
0 1394 11 1 45 0 1394 11
0 1394 11 1 45 0 1394 11
0 1394 11 1 45 0 1394 11
0 1394 11 1 45 0 1394 11
0 1394 11 1 45 0 1394 11
0 1394 11 1 45 0 1394 11
0 1394 11 1 333 0 1394 11
0 1394 11 1 333 0 1394 11
0 1394 11 1 333 0 1394 11
0 1394 11 1 333 0 1394 11
0 1394 11 1 333 0 1394 11
0 1394 11 1 333 0 1394 11
0 1394 11 1 333 0 1394 11
0 1394 11 1 494 0 1394 11
0 1394 11 1 494 0 1394 11
0 1394 11 1 494 0 1394 11
0 1394 11 1 494 0 1394 11
0 1394 11 1 494 0 1394 11
0 1394 11 1 494 0 1394 11
0 1394 11 1 1127 0 1394 11
0 1394 11 1 1127 0 1394 11
0 1394 11 1 1127 0 1394 11
0 1394 11 1 1127 0 1394 11
0 1394 11 1 1127 0 1394 11
0 1394 11 1 1127 0 1394 11
0 1394 11 1 1127 0 1394 11
0 1394 11 1 1127 0 1394 11
0 1394 11 1 1127 0 1394 11
0 1394 11 1 1155 0 1394 11
0 1394 11 1 1155 0 1394 11
0 1394 11 1 1155 0 1394 11
0 1394 11 1 1155 0 1394 11
0 1394 11 1 1155 0 1394 11
0 1394 11 1 1155 0 1394 11
0 1394 11 1 1155 0 1394 11
0 1394 11 1 278 0 1394 11
0 1394 11 1 278 0 1394 11
0 1394 11 1 278 0 1394 11
0 1394 11 1 610 0 1394 11
0 1394 11 1 610 0 1394 11
0 1394 11 1 610 0 1394 11
0 1394 11 1 610 0 1394 11
0 1394 11 1 610 0 1394 11
0 1394 11 1 401 0 1394 11
0 1394 11 1 401 0 1394 11
0 1394 11 1 401 0 1394 11
0 1394 11 1 639 0 1394 11
0 1394 11 1 639 0 1394 11
0 1394 11 1 639 0 1394 11
0 1394 11 1 639 0 1394 11
0 1394 11 1 639 0 1394 11
0 1394 11 1 407 0 1394 11
0 1394 11 1 407 0 1394 11
0 1394 11 1 407 0 1394 11
0 1394 11 1 683 0 1394 11
0 1394 11 1 683 0 1394 11
0 1394 11 1 683 0 1394 11
0 1394 11 1 683 0 1394 11
0 1394 11 1 683 0 1394 11
0 1394 11 1 683 0 1394 11
0 1394 11 1 683 0 1394 11
0 1394 11 1 683 0 1394 11
0 1394 11 1 683 0 1394 11
0 1394 11 1 393 0 1394 11
0 1394 11 1 393 0 1394 11
0 1394 11 1 393 0 1394 11
0 1394 11 1 393 0 1394 11
0 1394 11 1 1047 0 1394 11
0 1394 11 1 1047 0 1394 11
0 1394 11 1 1047 0 1394 11
0 1394 11 1 1047 0 1394 11
0 1394 11 1 1047 0 1394 11
0 1394 11 1 821 0 1394 11
0 1394 11 1 821 0 1394 11
0 1394 11 1 821 0 1394 11
0 1318 1303 2 158 0 1268 1292 622 0 50 11
-1
31 125
0 1467 15 1 594 0 1467 15
0 1467 15 1 594 0 1467 15
0 1467 15 1 594 0 1467 15
0 1467 15 1 594 0 1467 15
0 1467 15 1 913 0 1467 15
0 1467 15 1 913 0 1467 15
0 1467 15 1 913 0 1467 15
0 1467 15 1 860 0 1467 15
0 1467 15 1 858 0 1467 15
0 1467 15 1 858 0 1467 15
0 1467 15 1 858 0 1467 15
0 1467 15 1 782 0 1467 15
0 1467 15 1 782 0 1467 15
0 1467 15 1 782 0 1467 15
0 1467 15 1 782 0 1467 15
0 1467 15 1 501 0 1467 15
0 1467 15 1 501 0 1467 15
0 1467 15 1 644 0 1467 15
0 1467 15 1 644 0 1467 15
0 1467 15 1 807 0 1467 15
0 1467 15 1 807 0 1467 15
0 1467 15 1 807 0 1467 15
0 1467 15 1 893 0 1467 15
0 1467 15 1 893 0 1467 15
0 1467 15 1 893 0 1467 15
0 1467 15 1 656 0 1467 15
0 1467 15 1 656 0 1467 15
0 1467 15 1 656 0 1467 15
0 1467 15 1 656 0 1467 15
0 1467 15 1 1 0 1467 15
0 1467 15 1 1083 0 1467 15
0 1467 15 1 1083 0 1467 15
0 1467 15 1 1083 0 1467 15
0 1467 15 1 1152 0 1467 15
0 1467 15 1 1152 0 1467 15
0 1467 15 1 1152 0 1467 15
0 1467 15 1 1152 0 1467 15
0 1467 15 1 838 0 1467 15
0 1467 15 1 838 0 1467 15
0 1467 15 1 838 0 1467 15
0 1467 15 1 838 0 1467 15
0 1467 15 1 838 0 1467 15
0 1467 15 1 580 0 1467 15
0 1467 15 1 580 0 1467 15
0 1467 15 1 580 0 1467 15
0 1467 15 1 580 0 1467 15
0 1467 15 1 626 0 1467 15
0 1467 15 1 626 0 1467 15
0 1467 15 1 626 0 1467 15
0 1467 15 1 728 0 1467 15
0 1467 15 1 728 0 1467 15
0 1467 15 1 890 0 1467 15
0 1467 15 1 890 0 1467 15
0 1467 15 1 214 0 1467 15
0 1467 15 1 214 0 1467 15
0 1467 15 1 214 0 1467 15
0 1467 15 1 550 0 1467 15
0 1467 15 1 550 0 1467 15
0 1467 15 1 550 0 1467 15
0 1467 15 1 1180 0 1467 15
0 1467 15 1 1180 0 1467 15
0 1467 15 1 1180 0 1467 15
0 1467 15 1 8 0 1467 15
0 1467 15 1 8 0 1467 15
0 1467 15 1 8 0 1467 15
0 1467 15 1 8 0 1467 15
0 1467 15 1 8 0 1467 15
0 1467 15 1 179 0 1467 15
0 1467 15 1 179 0 1467 15
0 1467 15 1 179 0 1467 15
0 1467 15 1 476 0 1467 15
0 1467 15 1 476 0 1467 15
0 1467 15 1 476 0 1467 15
0 1467 15 1 476 0 1467 15
0 1467 15 1 1166 0 1467 15
0 1467 15 1 1166 0 1467 15
0 1467 15 1 1166 0 1467 15
0 1467 15 1 210 0 1467 15
0 1467 15 1 210 0 1467 15
0 1467 15 1 210 0 1467 15
0 1467 15 1 210 0 1467 15
0 1467 15 1 217 0 1467 15
0 1467 15 1 217 0 1467 15
0 1467 15 1 217 0 1467 15
0 1467 15 1 1147 0 1467 15
0 1467 15 1 1147 0 1467 15
0 1467 15 1 1147 0 1467 15
0 1467 15 1 1147 0 1467 15
0 1467 15 1 105 0 1467 15
0 1467 15 1 105 0 1467 15
0 1467 15 1 105 0 1467 15
0 1467 15 1 105 0 1467 15
0 1467 15 1 105 0 1467 15
0 1467 15 1 105 0 1467 15
0 1467 15 1 113 0 1467 15
0 1467 15 1 113 0 1467 15
0 1467 15 1 1057 0 1467 15
0 1467 15 1 1057 0 1467 15
0 1467 15 1 1057 0 1467 15
0 1467 15 1 119 0 1467 15
0 1467 15 1 1063 0 1467 15
0 1467 15 1 1063 0 1467 15
0 1467 15 1 1063 0 1467 15
0 1467 15 1 1063 0 1467 15
0 1467 15 1 1088 0 1467 15
0 1467 15 1 1088 0 1467 15
0 1467 15 1 1088 0 1467 15
0 1467 15 1 1088 0 1467 15
0 1467 15 1 543 0 1467 15
0 1467 15 1 543 0 1467 15
0 1467 15 1 543 0 1467 15
0 1467 15 1 543 0 1467 15
0 1467 15 1 543 0 1467 15
0 1467 15 1 543 0 1467 15
0 1467 15 1 1107 0 1467 15
0 1467 15 1 1107 0 1467 15
0 1467 15 1 1107 0 1467 15
0 1467 15 1 1129 0 1467 15
0 1467 15 1 1129 0 1467 15
0 1467 15 1 1129 0 1467 15
0 1467 15 1 116 0 1467 15
0 1467 15 1 116 0 1467 15
0 1392 1290 2 501 0 1062 767 858 0 330 523
0 975 670 1 913 0 975 670
0 45 1303 1 594 0 45 1303
-1
32 105
0 2239 9 1 26 0 2239 9
0 2239 9 1 26 0 2239 9
0 2239 9 1 157 0 2239 9
0 2239 9 1 157 0 2239 9
0 2239 9 1 157 0 2239 9
0 2239 9 1 250 0 2239 9
0 2239 9 1 377 0 2239 9
0 2239 9 1 377 0 2239 9
0 2239 9 1 1141 0 2239 9
0 2239 9 1 1141 0 2239 9
0 2239 9 1 1141 0 2239 9
0 2239 9 1 1141 0 2239 9
0 2239 9 1 446 0 2239 9
0 2239 9 1 919 0 2239 9
0 2239 9 1 394 0 2239 9
0 2239 9 1 394 0 2239 9
0 2239 9 1 642 0 2239 9
0 2239 9 1 642 0 2239 9
0 2239 9 1 642 0 2239 9
0 2239 9 1 642 0 2239 9
0 2239 9 1 706 0 2239 9
0 2239 9 1 706 0 2239 9
0 2239 9 1 633 0 2239 9
0 2239 9 1 633 0 2239 9
0 2239 9 1 53 0 2239 9
0 2239 9 1 167 0 2239 9
0 2239 9 1 167 0 2239 9
0 2239 9 1 167 0 2239 9
0 2239 9 1 167 0 2239 9
0 2239 9 1 1121 0 2239 9
0 2239 9 1 844 0 2239 9
0 2239 9 1 844 0 2239 9
0 2239 9 1 941 0 2239 9
0 2239 9 1 941 0 2239 9
0 2239 9 1 941 0 2239 9
0 2239 9 1 941 0 2239 9
0 2239 9 1 941 0 2239 9
0 2239 9 1 303 0 2239 9
0 2239 9 1 303 0 2239 9
0 2239 9 1 303 0 2239 9
0 2239 9 1 630 0 2239 9
0 2239 9 1 630 0 2239 9
0 2239 9 1 284 0 2239 9
0 2239 9 1 586 0 2239 9
0 2239 9 1 586 0 2239 9
0 2239 9 1 624 0 2239 9
0 2239 9 1 624 0 2239 9
0 2239 9 1 624 0 2239 9
0 2239 9 1 624 0 2239 9
0 2239 9 1 1177 0 2239 9
0 2239 9 1 1177 0 2239 9
0 2239 9 1 1177 0 2239 9
0 2239 9 1 232 0 2239 9
0 2239 9 1 232 0 2239 9
0 2239 9 1 1195 0 2239 9
0 2239 9 1 1195 0 2239 9
0 2239 9 1 259 0 2239 9
0 2239 9 1 833 0 2239 9
0 2239 9 1 1070 0 2239 9
0 2239 9 1 1070 0 2239 9
0 2239 9 1 1070 0 2239 9
0 2239 9 1 780 0 2239 9
0 2239 9 1 780 0 2239 9
0 2239 9 1 547 0 2239 9
0 2239 9 1 1132 0 2239 9
0 2239 9 1 1132 0 2239 9
0 2239 9 1 1132 0 2239 9
0 2239 9 1 1184 0 2239 9
0 2239 9 1 1184 0 2239 9
0 2239 9 1 1184 0 2239 9
0 2239 9 1 1184 0 2239 9
0 2239 9 1 47 0 2239 9
0 2239 9 1 47 0 2239 9
0 2239 9 1 627 0 2239 9
0 2239 9 1 627 0 2239 9
0 2239 9 1 627 0 2239 9
0 2239 9 1 927 0 2239 9
0 2239 9 1 927 0 2239 9
0 2239 9 1 1001 0 2239 9
0 2239 9 1 1001 0 2239 9
0 2239 9 1 279 0 2239 9
0 2239 9 1 513 0 2239 9
0 2239 9 1 513 0 2239 9
0 2239 9 1 1164 0 2239 9
0 2239 9 1 67 0 2239 9
0 2239 9 1 67 0 2239 9
0 2239 9 1 312 0 2239 9
0 2239 9 1 312 0 2239 9
0 2239 9 1 668 0 2239 9
0 2239 9 1 668 0 2239 9
0 2239 9 1 302 0 2239 9
0 2239 9 1 302 0 2239 9
0 2239 9 1 106 0 2239 9
0 2239 9 1 106 0 2239 9
0 2239 9 1 106 0 2239 9
0 2239 9 1 106 0 2239 9
0 2239 9 1 1082 0 2239 9
0 2239 9 1 1082 0 2239 9
0 2239 9 1 1082 0 2239 9
0 2239 9 1 1082 0 2239 9
0 2239 9 1 1082 0 2239 9
0 2239 9 1 196 0 2239 9
0 2239 9 1 196 0 2239 9
0 2182 978 2 919 0 2056 964 309 0 126 14
0 1735 2623 2 630 0 1707 1165 1141 0 28 1458
-1
33 83
0 2256 2 1 487 0 2256 2
0 2256 2 1 487 0 2256 2
0 2256 2 1 487 0 2256 2
0 2256 2 1 618 0 2256 2
0 2256 2 1 618 0 2256 2
0 2256 2 1 618 0 2256 2
0 2256 2 1 618 0 2256 2
0 2256 2 1 1010 0 2256 2
0 2256 2 1 1010 0 2256 2
0 2256 2 1 1010 0 2256 2
0 2256 2 1 180 0 2256 2
0 2256 2 1 180 0 2256 2
0 2256 2 1 180 0 2256 2
0 2256 2 1 180 0 2256 2
0 2256 2 1 481 0 2256 2
0 2256 2 1 481 0 2256 2
0 2256 2 1 548 0 2256 2
0 2256 2 1 548 0 2256 2
0 2256 2 1 877 0 2256 2
0 2256 2 1 877 0 2256 2
0 2256 2 1 1103 0 2256 2
0 2256 2 1 1103 0 2256 2
0 2256 2 1 216 0 2256 2
0 2256 2 1 216 0 2256 2
0 2256 2 1 216 0 2256 2
0 2256 2 1 216 0 2256 2
0 2256 2 1 216 0 2256 2
0 2256 2 1 342 0 2256 2
0 2256 2 1 342 0 2256 2
0 2256 2 1 342 0 2256 2
0 2256 2 1 342 0 2256 2
0 2256 2 1 342 0 2256 2
0 2256 2 1 905 0 2256 2
0 2256 2 1 905 0 2256 2
0 2256 2 1 905 0 2256 2
0 2256 2 1 905 0 2256 2
0 2256 2 1 905 0 2256 2
0 2256 2 1 981 0 2256 2
0 2256 2 1 981 0 2256 2
0 2256 2 1 981 0 2256 2
0 2256 2 1 981 0 2256 2
0 2256 2 1 995 0 2256 2
0 2256 2 1 995 0 2256 2
0 2256 2 1 995 0 2256 2
0 2256 2 1 995 0 2256 2
0 2256 2 1 995 0 2256 2
0 2256 2 1 623 0 2256 2
0 2256 2 1 623 0 2256 2
0 2256 2 1 623 0 2256 2
0 2256 2 1 623 0 2256 2
0 2175 1379 1 905 0 2175 1379
0 2256 2 1 848 0 2256 2
0 2256 2 1 848 0 2256 2
0 2256 2 1 48 0 2256 2
0 2256 2 1 991 0 2256 2
0 2256 2 1 991 0 2256 2
0 2256 2 1 991 0 2256 2
0 2256 2 1 991 0 2256 2
0 2256 2 1 991 0 2256 2
0 2256 2 1 164 0 2256 2
0 2256 2 1 164 0 2256 2
0 2256 2 1 164 0 2256 2
0 2256 2 1 829 0 2256 2
0 2256 2 1 307 0 2256 2
0 2256 2 1 645 0 2256 2
0 2256 2 1 155 0 2256 2
0 2256 2 1 155 0 2256 2
0 2256 2 1 788 0 2256 2
0 2256 2 1 788 0 2256 2
0 2256 2 1 788 0 2256 2
0 2256 2 1 685 0 2256 2
0 2256 2 1 839 0 2256 2
0 2256 2 1 994 0 2256 2
0 2256 2 1 994 0 2256 2
0 2256 2 1 994 0 2256 2
0 2256 2 1 160 0 2256 2
0 2256 2 1 699 0 2256 2
0 2256 2 1 699 0 2256 2
0 2256 2 1 699 0 2256 2
0 2256 2 1 699 0 2256 2
0 2256 2 1 90 0 2256 2
0 2256 2 1 90 0 2256 2
0 1817 3197 3 981 0 1002 1106 1010 0 568 939 618 0 247 1152
-1
34 65
0 2431 0 1 176 0 2431 0
0 2431 0 1 635 0 2431 0
0 2431 0 1 984 0 2431 0
0 2431 0 1 984 0 2431 0
0 2431 0 1 984 0 2431 0
0 2431 0 1 652 0 2431 0
0 2431 0 1 251 0 2431 0
0 2431 0 1 457 0 2431 0
0 2431 0 1 535 0 2431 0
0 2431 0 1 1119 0 2431 0
0 2431 0 1 316 0 2431 0
0 2431 0 1 316 0 2431 0
0 2431 0 1 510 0 2431 0
0 2431 0 1 131 0 2431 0
0 2431 0 1 883 0 2431 0
0 2431 0 1 582 0 2431 0
0 2431 0 1 783 0 2431 0
0 2431 0 1 783 0 2431 0
0 2431 0 1 15 0 2431 0
0 2431 0 1 715 0 2431 0
0 2431 0 1 715 0 2431 0
0 2431 0 1 715 0 2431 0
0 2431 0 1 1163 0 2431 0
0 2431 0 1 1163 0 2431 0
0 2431 0 1 523 0 2431 0
0 2431 0 1 1042 0 2431 0
0 2431 0 1 6 0 2431 0
0 2431 0 1 904 0 2431 0
0 2431 0 1 968 0 2431 0
0 2431 0 1 936 0 2431 0
0 2431 0 1 936 0 2431 0
0 2431 0 1 577 0 2431 0
0 2431 0 1 497 0 2431 0
0 2431 0 1 134 0 2431 0
0 2431 0 1 563 0 2431 0
0 2431 0 1 563 0 2431 0
0 2431 0 1 700 0 2431 0
0 2431 0 1 596 0 2431 0
0 2431 0 1 811 0 2431 0
0 2431 0 1 87 0 2431 0
0 2431 0 1 150 0 2431 0
0 2431 0 1 150 0 2431 0
0 2431 0 1 581 0 2431 0
0 2431 0 1 581 0 2431 0
0 2431 0 1 168 0 2431 0
0 2431 0 1 188 0 2431 0
0 2431 0 1 552 0 2431 0
0 2431 0 1 957 0 2431 0
0 2431 0 1 1106 0 2431 0
0 2431 0 1 680 0 2431 0
0 2431 0 1 928 0 2431 0
0 2431 0 1 928 0 2431 0
0 2431 0 1 1111 0 2431 0
0 2431 0 1 1197 0 2431 0
0 2431 0 1 1197 0 2431 0
0 2431 0 1 1197 0 2431 0
0 2431 0 1 189 0 2431 0
0 2431 0 1 313 0 2431 0
0 2431 0 1 1045 0 2431 0
0 2431 0 1 241 0 2431 0
0 2431 0 1 241 0 2431 0
0 2431 0 1 315 0 2431 0
0 2431 0 1 315 0 2431 0
0 1200 1720 2 5 0 1078 966 813 0 122 754
0 79 1199 1 635 0 79 1199
-1
35 105
0 1592 8 1 132 0 1592 8
0 1592 8 1 132 0 1592 8
0 1592 8 1 132 0 1592 8
0 1592 8 1 132 0 1592 8
0 1592 8 1 132 0 1592 8
0 1592 8 1 449 0 1592 8
0 1592 8 1 449 0 1592 8
0 1592 8 1 449 0 1592 8
0 1592 8 1 449 0 1592 8
0 1592 8 1 449 0 1592 8
0 1592 8 1 449 0 1592 8
0 1592 8 1 372 0 1592 8
0 1592 8 1 372 0 1592 8
0 1592 8 1 372 0 1592 8
0 1592 8 1 372 0 1592 8
0 1592 8 1 372 0 1592 8
0 1592 8 1 372 0 1592 8
0 1592 8 1 372 0 1592 8
0 1592 8 1 845 0 1592 8
0 1592 8 1 845 0 1592 8
0 1592 8 1 845 0 1592 8
0 1592 8 1 427 0 1592 8
0 1592 8 1 427 0 1592 8
0 1592 8 1 427 0 1592 8
0 1592 8 1 1173 0 1592 8
0 1592 8 1 1173 0 1592 8
0 1592 8 1 1173 0 1592 8
0 1592 8 1 1173 0 1592 8
0 1592 8 1 1173 0 1592 8
0 1592 8 1 1173 0 1592 8
0 1592 8 1 1173 0 1592 8
0 1592 8 1 97 0 1592 8
0 1592 8 1 97 0 1592 8
0 1592 8 1 97 0 1592 8
0 1592 8 1 391 0 1592 8
0 1592 8 1 391 0 1592 8
0 1592 8 1 391 0 1592 8
0 1592 8 1 391 0 1592 8
0 1592 8 1 391 0 1592 8
0 1592 8 1 262 0 1592 8
0 1592 8 1 262 0 1592 8
0 1592 8 1 262 0 1592 8
0 1592 8 1 306 0 1592 8
0 1592 8 1 306 0 1592 8
0 1592 8 1 306 0 1592 8
0 1592 8 1 306 0 1592 8
0 1592 8 1 306 0 1592 8
0 1592 8 1 306 0 1592 8
0 1592 8 1 306 0 1592 8
0 1592 8 1 677 0 1592 8
0 1592 8 1 677 0 1592 8
0 1592 8 1 677 0 1592 8
0 1592 8 1 677 0 1592 8
0 1592 8 1 677 0 1592 8
0 1592 8 1 677 0 1592 8
0 1592 8 1 677 0 1592 8
0 1592 8 1 585 0 1592 8
0 1592 8 1 585 0 1592 8
0 1592 8 1 585 0 1592 8
0 1592 8 1 585 0 1592 8
0 1592 8 1 585 0 1592 8
0 1592 8 1 585 0 1592 8
0 1592 8 1 585 0 1592 8
0 1592 8 1 137 0 1592 8
0 1592 8 1 137 0 1592 8
0 1592 8 1 137 0 1592 8
0 1592 8 1 425 0 1592 8
0 1592 8 1 425 0 1592 8
0 1592 8 1 806 0 1592 8
0 1592 8 1 806 0 1592 8
0 1592 8 1 806 0 1592 8
0 1592 8 1 806 0 1592 8
0 1592 8 1 806 0 1592 8
0 1592 8 1 571 0 1592 8
0 1592 8 1 571 0 1592 8
0 1592 8 1 571 0 1592 8
0 1592 8 1 657 0 1592 8
0 1592 8 1 675 0 1592 8
0 1592 8 1 808 0 1592 8
0 1592 8 1 808 0 1592 8
0 1592 8 1 538 0 1592 8
0 1592 8 1 676 0 1592 8
0 1592 8 1 676 0 1592 8
0 1592 8 1 676 0 1592 8
0 1592 8 1 676 0 1592 8
0 1592 8 1 717 0 1592 8
0 1592 8 1 1044 0 1592 8
0 1592 8 1 1044 0 1592 8
0 1592 8 1 965 0 1592 8
0 1592 8 1 965 0 1592 8
0 1592 8 1 965 0 1592 8
0 1592 8 1 3 0 1592 8
0 1592 8 1 3 0 1592 8
0 1592 8 1 3 0 1592 8
0 1592 8 1 3 0 1592 8
0 1592 8 1 809 0 1592 8
0 1592 8 1 809 0 1592 8
0 1592 8 1 809 0 1592 8
0 1592 8 1 809 0 1592 8
0 1592 8 1 809 0 1592 8
0 1592 8 1 809 0 1592 8
0 1592 8 1 809 0 1592 8
0 1592 8 1 809 0 1592 8
0 1592 8 1 926 0 1592 8
0 933 1117 1 449 0 933 1117
-1
36 92
0 2378 10 1 440 0 2378 10
0 2378 10 1 440 0 2378 10
0 2378 10 1 59 0 2378 10
0 2378 10 1 59 0 2378 10
0 2378 10 1 59 0 2378 10
0 2378 10 1 59 0 2378 10
0 2378 10 1 204 0 2378 10
0 2378 10 1 901 0 2378 10
0 2378 10 1 795 0 2378 10
0 2378 10 1 795 0 2378 10
0 2378 10 1 637 0 2378 10
0 2378 10 1 637 0 2378 10
0 2378 10 1 1050 0 2378 10
0 2378 10 1 1050 0 2378 10
0 2378 10 1 141 0 2378 10
0 2378 10 1 141 0 2378 10
0 2378 10 1 141 0 2378 10
0 2378 10 1 539 0 2378 10
0 2378 10 1 539 0 2378 10
0 2378 10 1 805 0 2378 10
0 2378 10 1 805 0 2378 10
0 2378 10 1 805 0 2378 10
0 2378 10 1 1080 0 2378 10
0 2378 10 1 1080 0 2378 10
0 2378 10 1 1080 0 2378 10
0 2378 10 1 240 0 2378 10
0 2378 10 1 240 0 2378 10
0 2378 10 1 240 0 2378 10
0 2378 10 1 335 0 2378 10
0 2378 10 1 335 0 2378 10
0 2378 10 1 335 0 2378 10
0 2378 10 1 739 0 2378 10
0 2378 10 1 1178 0 2378 10
0 2378 10 1 1178 0 2378 10
0 2378 10 1 293 0 2378 10
0 2378 10 1 293 0 2378 10
0 2378 10 1 400 0 2378 10
0 2378 10 1 400 0 2378 10
0 2378 10 1 742 0 2378 10
0 2378 10 1 742 0 2378 10
0 2378 10 1 742 0 2378 10
0 2378 10 1 758 0 2378 10
0 2378 10 1 758 0 2378 10
0 2378 10 1 758 0 2378 10
0 2378 10 1 758 0 2378 10
0 2378 10 1 525 0 2378 10
0 2378 10 1 317 0 2378 10
0 2378 10 1 317 0 2378 10
0 2378 10 1 317 0 2378 10
0 2378 10 1 474 0 2378 10
0 2378 10 1 474 0 2378 10
0 2378 10 1 474 0 2378 10
0 2378 10 1 474 0 2378 10
0 2378 10 1 663 0 2378 10
0 2378 10 1 663 0 2378 10
0 2378 10 1 178 0 2378 10
0 2378 10 1 178 0 2378 10
0 2378 10 1 178 0 2378 10
0 2378 10 1 126 0 2378 10
0 2378 10 1 126 0 2378 10
0 2378 10 1 126 0 2378 10
0 2378 10 1 1016 0 2378 10
0 2378 10 1 1016 0 2378 10
0 2378 10 1 1016 0 2378 10
0 2378 10 1 851 0 2378 10
0 2378 10 1 851 0 2378 10
0 2378 10 1 186 0 2378 10
0 2378 10 1 186 0 2378 10
0 2378 10 1 288 0 2378 10
0 2378 10 1 288 0 2378 10
0 2378 10 1 733 0 2378 10
0 2378 10 1 733 0 2378 10
0 2378 10 1 75 0 2378 10
0 2378 10 1 671 0 2378 10
0 2378 10 1 671 0 2378 10
0 2378 10 1 1174 0 2378 10
0 2378 10 1 1174 0 2378 10
0 2378 10 1 1174 0 2378 10
0 2378 10 1 95 0 2378 10
0 2378 10 1 95 0 2378 10
0 2378 10 1 922 0 2378 10
0 2378 10 1 922 0 2378 10
0 2378 10 1 560 0 2378 10
0 2378 10 1 970 0 2378 10
0 2378 10 1 970 0 2378 10
0 2378 10 1 970 0 2378 10
0 2378 10 1 1098 0 2378 10
0 2378 10 1 825 0 2378 10
0 2378 10 1 825 0 2378 10
0 2378 10 1 825 0 2378 10
0 2378 10 1 825 0 2378 10
0 2267 1897 3 148 0 1052 1359 204 0 1039 512 440 0 176 26
-1
37 88
0 1352 15 1 334 0 1352 15
0 1352 15 1 661 0 1352 15
0 1352 15 1 661 0 1352 15
0 1352 15 1 945 0 1352 15
0 1352 15 1 945 0 1352 15
0 1352 15 1 945 0 1352 15
0 1352 15 1 945 0 1352 15
0 1352 15 1 329 0 1352 15
0 1352 15 1 452 0 1352 15
0 1293 1018 1 334 0 1293 1018
0 1352 15 1 14 0 1352 15
0 1352 15 1 14 0 1352 15
0 1352 15 1 14 0 1352 15
0 1352 15 1 22 0 1352 15
0 1352 15 1 200 0 1352 15
0 1352 15 1 200 0 1352 15
0 1352 15 1 336 0 1352 15
0 1352 15 1 336 0 1352 15
0 1352 15 1 736 0 1352 15
0 1352 15 1 736 0 1352 15
0 1347 100 1 389 0 1347 100
0 1352 15 1 135 0 1352 15
0 1352 15 1 379 0 1352 15
0 1352 15 1 379 0 1352 15
0 1352 15 1 390 0 1352 15
0 1352 15 1 460 0 1352 15
0 1352 15 1 460 0 1352 15
0 1352 15 1 460 0 1352 15
0 1352 15 1 460 0 1352 15
0 1352 15 1 975 0 1352 15
0 1352 15 1 975 0 1352 15
0 1352 15 1 198 0 1352 15
0 1352 15 1 86 0 1352 15
0 1352 15 1 86 0 1352 15
0 1352 15 1 86 0 1352 15
0 1352 15 1 86 0 1352 15
0 1352 15 1 86 0 1352 15
0 1352 15 1 827 0 1352 15
0 1352 15 1 827 0 1352 15
0 1352 15 1 224 0 1352 15
0 1352 15 1 404 0 1352 15
0 1352 15 1 404 0 1352 15
0 1352 15 1 404 0 1352 15
0 1352 15 1 404 0 1352 15
0 1352 15 1 404 0 1352 15
0 1352 15 1 489 0 1352 15
0 1352 15 1 489 0 1352 15
0 1352 15 1 489 0 1352 15
0 1352 15 1 471 0 1352 15
0 1352 15 1 222 0 1352 15
0 1352 15 1 529 0 1352 15
0 1352 15 1 529 0 1352 15
0 1352 15 1 529 0 1352 15
0 1352 15 1 529 0 1352 15
0 1352 15 1 973 0 1352 15
0 1352 15 1 219 0 1352 15
0 1352 15 1 219 0 1352 15
0 1352 15 1 443 0 1352 15
0 1352 15 1 443 0 1352 15
0 1352 15 1 443 0 1352 15
0 1352 15 1 322 0 1352 15
0 1352 15 1 322 0 1352 15
0 1352 15 1 322 0 1352 15
0 1352 15 1 285 0 1352 15
0 1352 15 1 285 0 1352 15
0 1352 15 1 285 0 1352 15
0 1352 15 1 983 0 1352 15
0 1352 15 1 983 0 1352 15
0 1352 15 1 546 0 1352 15
0 1352 15 1 886 0 1352 15
0 1352 15 1 886 0 1352 15
0 1352 15 1 886 0 1352 15
0 1352 15 1 886 0 1352 15
0 1343 168 1 546 0 1343 168
0 1352 15 1 505 0 1352 15
0 1352 15 1 505 0 1352 15
0 1352 15 1 1123 0 1352 15
0 1352 15 1 378 0 1352 15
0 1352 15 1 127 0 1352 15
0 1352 15 1 241 0 1352 15
0 1352 15 1 562 0 1352 15
0 1290 1070 2 162 0 1275 1070 171 0 15 0
0 1352 15 1 194 0 1352 15
0 1352 15 1 964 0 1352 15
0 1352 15 1 512 0 1352 15
0 1352 15 1 657 0 1352 15
0 1352 15 1 675 0 1352 15
0 553 2274 2 945 0 552 1328 661 0 1 946
-1
38 69
0 2105 14 1 662 0 2105 14
0 2105 14 1 744 0 2105 14
0 2105 14 1 345 0 2105 14
0 2105 14 1 721 0 2105 14
0 2105 14 1 721 0 2105 14
0 2105 14 1 466 0 2105 14
0 2105 14 1 1101 0 2105 14
0 2105 14 1 109 0 2105 14
0 2105 14 1 1137 0 2105 14
0 2105 14 1 49 0 2105 14
0 2105 14 1 61 0 2105 14
0 2105 14 1 287 0 2105 14
0 2105 14 1 756 0 2105 14
0 2105 14 1 756 0 2105 14
0 2105 14 1 719 0 2105 14
0 2105 14 1 719 0 2105 14
0 2105 14 1 759 0 2105 14
0 2105 14 1 759 0 2105 14
0 2105 14 1 759 0 2105 14
0 2105 14 1 614 0 2105 14
0 2105 14 1 614 0 2105 14
0 2105 14 1 415 0 2105 14
0 2105 14 1 418 0 2105 14
0 2105 14 1 418 0 2105 14
0 2105 14 1 418 0 2105 14
0 2105 14 1 938 0 2105 14
0 2105 14 1 220 0 2105 14
0 2105 14 1 220 0 2105 14
0 2105 14 1 270 0 2105 14
0 2105 14 1 1037 0 2105 14
0 2105 14 1 283 0 2105 14
0 2105 14 1 281 0 2105 14
0 2105 14 1 499 0 2105 14
0 2105 14 1 800 0 2105 14
0 2105 14 1 1019 0 2105 14
0 2105 14 1 332 0 2105 14
0 2105 14 1 332 0 2105 14
0 2105 14 1 1036 0 2105 14
0 2105 14 1 36 0 2105 14
0 2105 14 1 36 0 2105 14
0 2105 14 1 361 0 2105 14
0 2105 14 1 361 0 2105 14
0 2105 14 1 286 0 2105 14
0 2105 14 1 195 0 2105 14
0 2105 14 1 311 0 2105 14
0 2105 14 1 344 0 2105 14
0 2105 14 1 1048 0 2105 14
0 2105 14 1 1181 0 2105 14
0 2105 14 1 1181 0 2105 14
0 2105 14 1 732 0 2105 14
0 2105 14 1 732 0 2105 14
0 2105 14 1 238 0 2105 14
0 2105 14 1 28 0 2105 14
0 2105 14 1 799 0 2105 14
0 2105 14 1 872 0 2105 14
0 2105 14 1 872 0 2105 14
0 2105 14 1 1126 0 2105 14
0 2105 14 1 1136 0 2105 14
0 2105 14 1 64 0 2105 14
0 2105 14 1 226 0 2105 14
0 2105 14 1 175 0 2105 14
0 2105 14 1 52 0 2105 14
0 2105 14 1 52 0 2105 14
0 2105 14 1 537 0 2105 14
0 2105 14 1 462 0 2105 14
0 2105 14 1 110 0 2105 14
0 2105 14 1 110 0 2105 14
0 2105 14 1 753 0 2105 14
0 2105 14 1 1027 0 2105 14
-1
39 77
0 2449 12 1 171 0 2449 12
0 2449 12 1 171 0 2449 12
0 2449 12 1 334 0 2449 12
0 2449 12 1 334 0 2449 12
0 2449 12 1 661 0 2449 12
0 2449 12 1 661 0 2449 12
0 2449 12 1 747 0 2449 12
0 2449 12 1 945 0 2449 12
0 2449 12 1 329 0 2449 12
0 2449 12 1 329 0 2449 12
0 2449 12 1 452 0 2449 12
0 2449 12 1 14 0 2449 12
0 2449 12 1 14 0 2449 12
0 2449 12 1 22 0 2449 12
0 2449 12 1 22 0 2449 12
0 2449 12 1 200 0 2449 12
0 2449 12 1 200 0 2449 12
0 2449 12 1 336 0 2449 12
0 2449 12 1 336 0 2449 12
0 2449 12 1 469 0 2449 12
0 2449 12 1 469 0 2449 12
0 2449 12 1 736 0 2449 12
0 2449 12 1 736 0 2449 12
0 2449 12 1 135 0 2449 12
0 2449 12 1 1085 0 2449 12
0 2449 12 1 1085 0 2449 12
0 2449 12 1 379 0 2449 12
0 2449 12 1 390 0 2449 12
0 2449 12 1 390 0 2449 12
0 2449 12 1 390 0 2449 12
0 2449 12 1 460 0 2449 12
0 2449 12 1 460 0 2449 12
0 2449 12 1 198 0 2449 12
0 2449 12 1 86 0 2449 12
0 2449 12 1 156 0 2449 12
0 2449 12 1 156 0 2449 12
0 2449 12 1 156 0 2449 12
0 2449 12 1 156 0 2449 12
0 2449 12 1 827 0 2449 12
0 2449 12 1 827 0 2449 12
0 2449 12 1 404 0 2449 12
0 2449 12 1 464 0 2449 12
0 2449 12 1 489 0 2449 12
0 2449 12 1 27 0 2449 12
0 2449 12 1 222 0 2449 12
0 2449 12 1 222 0 2449 12
0 2449 12 1 529 0 2449 12
0 2449 12 1 529 0 2449 12
0 2449 12 1 992 0 2449 12
0 2449 12 1 219 0 2449 12
0 2449 12 1 443 0 2449 12
0 2449 12 1 443 0 2449 12
0 2449 12 1 322 0 2449 12
0 2449 12 1 285 0 2449 12
0 2449 12 1 983 0 2449 12
0 2449 12 1 659 0 2449 12
0 2449 12 1 546 0 2449 12
0 2449 12 1 546 0 2449 12
0 2449 12 1 546 0 2449 12
0 2449 12 1 505 0 2449 12
0 2449 12 1 620 0 2449 12
0 2449 12 1 310 0 2449 12
0 2449 12 1 521 0 2449 12
0 2449 12 1 632 0 2449 12
0 2449 12 1 425 0 2449 12
0 2449 12 1 903 0 2449 12
0 2449 12 1 194 0 2449 12
0 2449 12 1 964 0 2449 12
0 2449 12 1 964 0 2449 12
0 2449 12 1 11 0 2449 12
0 2449 12 1 11 0 2449 12
0 2449 12 1 422 0 2449 12
0 2449 12 1 422 0 2449 12
0 2449 12 1 422 0 2449 12
0 2449 12 1 422 0 2449 12
0 2334 1967 3 992 0 1210 705 469 0 1016 1254 200 0 108 8
0 6 833 1 171 0 6 833
-1
40 87
0 1881 13 1 456 0 1881 13
0 1881 13 1 456 0 1881 13
0 1881 13 1 456 0 1881 13
0 1881 13 1 907 0 1881 13
0 1881 13 1 907 0 1881 13
0 1881 13 1 907 0 1881 13
0 1881 13 1 982 0 1881 13
0 1881 13 1 982 0 1881 13
0 1881 13 1 982 0 1881 13
0 1881 13 1 982 0 1881 13
0 1881 13 1 567 0 1881 13
0 1881 13 1 567 0 1881 13
0 1881 13 1 567 0 1881 13
0 1881 13 1 101 0 1881 13
0 1881 13 1 101 0 1881 13
0 1881 13 1 378 0 1881 13
0 1881 13 1 378 0 1881 13
0 1881 13 1 378 0 1881 13
0 1881 13 1 378 0 1881 13
0 1881 13 1 378 0 1881 13
0 1881 13 1 378 0 1881 13
0 1881 13 1 654 0 1881 13
0 1881 13 1 654 0 1881 13
0 1881 13 1 654 0 1881 13
0 1881 13 1 654 0 1881 13
0 1881 13 1 654 0 1881 13
0 1881 13 1 654 0 1881 13
0 1881 13 1 754 0 1881 13
0 1881 13 1 754 0 1881 13
0 1881 13 1 754 0 1881 13
0 1881 13 1 899 0 1881 13
0 1881 13 1 899 0 1881 13
0 1881 13 1 899 0 1881 13
0 1881 13 1 899 0 1881 13
0 1881 13 1 1038 0 1881 13
0 1881 13 1 1038 0 1881 13
0 1881 13 1 1038 0 1881 13
0 1881 13 1 1038 0 1881 13
0 1881 13 1 1038 0 1881 13
0 1881 13 1 93 0 1881 13
0 1881 13 1 93 0 1881 13
0 1881 13 1 93 0 1881 13
0 1881 13 1 93 0 1881 13
0 1881 13 1 93 0 1881 13
0 1881 13 1 253 0 1881 13
0 1881 13 1 253 0 1881 13
0 1881 13 1 253 0 1881 13
0 1881 13 1 781 0 1881 13
0 1881 13 1 781 0 1881 13
0 1881 13 1 781 0 1881 13
0 1881 13 1 781 0 1881 13
0 1881 13 1 781 0 1881 13
0 1881 13 1 781 0 1881 13
0 1881 13 1 781 0 1881 13
0 1881 13 1 185 0 1881 13
0 1881 13 1 185 0 1881 13
0 1881 13 1 185 0 1881 13
0 1881 13 1 242 0 1881 13
0 1881 13 1 242 0 1881 13
0 1881 13 1 242 0 1881 13
0 1881 13 1 242 0 1881 13
0 1881 13 1 242 0 1881 13
0 1881 13 1 242 0 1881 13
0 1881 13 1 620 0 1881 13
0 1881 13 1 620 0 1881 13
0 1881 13 1 620 0 1881 13
0 1881 13 1 620 0 1881 13
0 1881 13 1 620 0 1881 13
0 1881 13 1 1068 0 1881 13
0 1881 13 1 521 0 1881 13
0 1872 166 1 1115 0 1872 166
0 1881 13 1 837 0 1881 13
0 1881 13 1 685 0 1881 13
0 1881 13 1 155 0 1881 13
0 1881 13 1 524 0 1881 13
0 1881 13 1 524 0 1881 13
0 1881 13 1 571 0 1881 13
0 1881 13 1 512 0 1881 13
0 1881 13 1 657 0 1881 13
0 1881 13 1 657 0 1881 13
0 1881 13 1 675 0 1881 13
0 1881 13 1 277 0 1881 13
0 1881 13 1 277 0 1881 13
0 1881 13 1 676 0 1881 13
0 1881 13 1 717 0 1881 13
0 1819 1067 2 346 0 1194 1061 456 0 625 6
0 1593 2449 2 832 0 846 1386 1038 0 747 1063
-1
