1 70
0 308 0 1 54 0 308 0
0 308 0 1 54 0 308 0
0 308 0 1 54 0 308 0
0 308 0 1 54 0 308 0
0 308 0 1 54 0 308 0
0 308 0 1 54 0 308 0
0 308 0 1 54 0 308 0
0 308 0 1 54 0 308 0
0 308 0 1 54 0 308 0
0 308 0 1 54 0 308 0
0 308 0 1 54 0 308 0
0 308 0 1 54 0 308 0
0 308 0 1 54 0 308 0
0 308 0 1 54 0 308 0
0 308 0 1 54 0 308 0
0 308 0 1 54 0 308 0
0 308 0 1 54 0 308 0
0 308 0 1 54 0 308 0
0 308 0 1 54 0 308 0
0 308 0 1 54 0 308 0
0 308 0 1 54 0 308 0
0 308 0 1 54 0 308 0
0 308 0 1 54 0 308 0
0 308 0 1 54 0 308 0
0 308 0 1 54 0 308 0
0 308 0 1 54 0 308 0
0 308 0 1 137 0 308 0
0 308 0 1 137 0 308 0
0 308 0 1 137 0 308 0
0 308 0 1 137 0 308 0
0 308 0 1 137 0 308 0
0 308 0 1 137 0 308 0
0 308 0 1 137 0 308 0
0 308 0 1 137 0 308 0
0 308 0 1 137 0 308 0
0 308 0 1 137 0 308 0
0 308 0 1 137 0 308 0
0 308 0 1 137 0 308 0
0 308 0 1 137 0 308 0
0 308 0 1 164 0 308 0
0 308 0 1 164 0 308 0
0 308 0 1 164 0 308 0
0 308 0 1 164 0 308 0
0 308 0 1 164 0 308 0
0 308 0 1 164 0 308 0
0 308 0 1 164 0 308 0
0 308 0 1 164 0 308 0
0 308 0 1 164 0 308 0
0 308 0 1 164 0 308 0
0 308 0 1 164 0 308 0
0 308 0 1 164 0 308 0
0 308 0 1 164 0 308 0
0 308 0 1 78 0 308 0
0 308 0 1 78 0 308 0
0 308 0 1 78 0 308 0
0 308 0 1 78 0 308 0
0 308 0 1 78 0 308 0
0 308 0 1 78 0 308 0
0 308 0 1 78 0 308 0
0 308 0 1 78 0 308 0
0 308 0 1 78 0 308 0
0 308 0 1 78 0 308 0
0 308 0 1 78 0 308 0
0 308 0 1 78 0 308 0
0 308 0 1 78 0 308 0
0 308 0 1 78 0 308 0
0 308 0 1 78 0 308 0
0 308 0 1 78 0 308 0
0 308 0 1 102 0 308 0
0 0 214 1 54 0 0 214
-1
2 56
215 126 0 1 167 215 126 0
215 126 0 1 167 215 126 0
215 126 0 1 167 215 126 0
215 126 0 1 167 215 126 0
215 126 0 1 167 215 126 0
215 126 0 1 167 215 126 0
215 126 0 1 167 215 126 0
215 126 0 1 167 215 126 0
215 126 0 1 167 215 126 0
215 126 0 1 167 215 126 0
215 126 0 1 167 215 126 0
215 126 0 1 167 215 126 0
215 126 0 1 167 215 126 0
215 126 0 1 167 215 126 0
215 126 0 1 167 215 126 0
215 126 0 1 167 215 126 0
215 126 0 1 167 215 126 0
215 126 0 1 167 215 126 0
215 126 0 1 167 215 126 0
215 126 0 1 2 215 126 0
215 126 0 1 2 215 126 0
215 126 0 1 2 215 126 0
215 126 0 1 2 215 126 0
215 126 0 1 2 215 126 0
215 126 0 1 2 215 126 0
215 126 0 1 164 215 126 0
215 126 0 1 164 215 126 0
215 126 0 1 164 215 126 0
215 126 0 1 164 215 126 0
215 126 0 1 164 215 126 0
215 126 0 1 164 215 126 0
215 126 0 1 164 215 126 0
215 126 0 1 164 215 126 0
215 126 0 1 164 215 126 0
215 126 0 1 164 215 126 0
215 126 0 1 164 215 126 0
215 126 0 1 164 215 126 0
215 126 0 1 164 215 126 0
215 126 0 1 164 215 126 0
215 126 0 1 164 215 126 0
215 126 0 1 50 215 126 0
215 126 0 1 50 215 126 0
215 126 0 1 50 215 126 0
215 126 0 1 50 215 126 0
215 126 0 1 50 215 126 0
215 126 0 1 50 215 126 0
215 126 0 1 50 215 126 0
215 126 0 1 50 215 126 0
215 126 0 1 50 215 126 0
215 126 0 1 50 215 126 0
215 126 0 1 50 215 126 0
215 126 0 1 50 215 126 0
215 126 0 1 50 215 126 0
215 126 0 1 50 215 126 0
215 126 0 1 50 215 126 0
25 0 482 1 167 25 0 482
-1
3 51
610 17 1 1 65 610 17 1
610 17 1 1 65 610 17 1
610 17 1 1 65 610 17 1
610 17 1 1 65 610 17 1
610 17 1 1 65 610 17 1
610 17 1 1 65 610 17 1
610 17 1 1 65 610 17 1
610 17 1 1 65 610 17 1
610 17 1 1 65 610 17 1
610 17 1 1 65 610 17 1
610 17 1 1 65 610 17 1
610 17 1 1 65 610 17 1
610 17 1 1 65 610 17 1
610 17 1 1 65 610 17 1
610 17 1 1 65 610 17 1
610 17 1 1 65 610 17 1
610 17 1 1 65 610 17 1
610 17 1 1 65 610 17 1
610 17 1 1 65 610 17 1
610 17 1 1 65 610 17 1
610 17 1 1 65 610 17 1
610 17 1 1 65 610 17 1
610 17 1 1 65 610 17 1
610 17 1 1 65 610 17 1
610 17 1 1 65 610 17 1
610 17 1 1 65 610 17 1
610 17 1 1 65 610 17 1
610 17 1 1 65 610 17 1
610 17 1 1 65 610 17 1
610 17 1 1 65 610 17 1
610 17 1 1 65 610 17 1
610 17 1 1 65 610 17 1
610 17 1 1 65 610 17 1
610 17 1 1 65 610 17 1
610 17 1 1 65 610 17 1
610 17 1 1 65 610 17 1
610 17 1 1 65 610 17 1
610 17 1 1 21 610 17 1
610 17 1 1 21 610 17 1
610 17 1 1 21 610 17 1
610 17 1 1 21 610 17 1
610 17 1 1 21 610 17 1
610 17 1 1 21 610 17 1
610 17 1 1 21 610 17 1
610 17 1 1 21 610 17 1
610 17 1 1 21 610 17 1
610 17 1 1 21 610 17 1
610 17 1 1 21 610 17 1
610 17 1 1 21 610 17 1
610 17 1 1 21 610 17 1
610 17 1 1 21 610 17 1
-1
4 67
198 49 0 1 2 198 49 0
198 49 0 1 2 198 49 0
198 49 0 1 2 198 49 0
198 49 0 1 2 198 49 0
198 49 0 1 2 198 49 0
198 49 0 1 2 198 49 0
198 49 0 1 2 198 49 0
198 49 0 1 2 198 49 0
198 49 0 1 2 198 49 0
198 49 0 1 2 198 49 0
198 49 0 1 2 198 49 0
198 49 0 1 2 198 49 0
198 49 0 1 2 198 49 0
198 49 0 1 2 198 49 0
198 49 0 1 2 198 49 0
198 49 0 1 2 198 49 0
198 49 0 1 2 198 49 0
198 49 0 1 2 198 49 0
198 49 0 1 2 198 49 0
198 49 0 1 2 198 49 0
198 49 0 1 2 198 49 0
198 49 0 1 2 198 49 0
198 49 0 1 2 198 49 0
198 49 0 1 2 198 49 0
198 49 0 1 2 198 49 0
198 49 0 1 2 198 49 0
198 49 0 1 2 198 49 0
198 49 0 1 123 198 49 0
198 49 0 1 123 198 49 0
198 49 0 1 123 198 49 0
198 49 0 1 123 198 49 0
198 49 0 1 123 198 49 0
198 49 0 1 123 198 49 0
198 49 0 1 123 198 49 0
198 49 0 1 123 198 49 0
198 49 0 1 123 198 49 0
198 49 0 1 123 198 49 0
198 49 0 1 123 198 49 0
198 49 0 1 123 198 49 0
198 49 0 1 123 198 49 0
198 49 0 1 123 198 49 0
198 49 0 1 123 198 49 0
198 49 0 1 123 198 49 0
198 49 0 1 123 198 49 0
198 49 0 1 123 198 49 0
198 49 0 1 123 198 49 0
198 49 0 1 123 198 49 0
198 49 0 1 123 198 49 0
198 49 0 1 123 198 49 0
198 49 0 1 123 198 49 0
198 49 0 1 123 198 49 0
198 49 0 1 123 198 49 0
198 49 0 1 123 198 49 0
198 49 0 1 123 198 49 0
198 49 0 1 123 198 49 0
198 49 0 1 123 198 49 0
198 49 0 1 123 198 49 0
198 49 0 1 123 198 49 0
198 49 0 1 123 198 49 0
198 49 0 1 123 198 49 0
198 49 0 1 123 198 49 0
198 49 0 1 123 198 49 0
198 49 0 1 123 198 49 0
198 49 0 1 123 198 49 0
198 49 0 1 123 198 49 0
198 49 0 1 123 198 49 0
198 49 0 1 123 198 49 0
-1
5 50
0 330 0 1 95 0 330 0
0 330 0 1 95 0 330 0
0 330 0 1 95 0 330 0
0 330 0 1 95 0 330 0
0 330 0 1 95 0 330 0
0 330 0 1 95 0 330 0
0 330 0 1 95 0 330 0
0 330 0 1 95 0 330 0
0 330 0 1 95 0 330 0
0 330 0 1 95 0 330 0
0 330 0 1 95 0 330 0
0 330 0 1 95 0 330 0
0 330 0 1 95 0 330 0
0 330 0 1 95 0 330 0
0 330 0 1 95 0 330 0
0 330 0 1 95 0 330 0
0 330 0 1 95 0 330 0
0 330 0 1 95 0 330 0
0 330 0 1 95 0 330 0
0 330 0 1 95 0 330 0
0 330 0 1 95 0 330 0
0 330 0 1 95 0 330 0
0 330 0 1 95 0 330 0
0 330 0 1 95 0 330 0
0 330 0 1 95 0 330 0
0 330 0 1 95 0 330 0
0 330 0 1 95 0 330 0
0 330 0 1 95 0 330 0
0 330 0 1 95 0 330 0
0 330 0 1 95 0 330 0
0 330 0 1 62 0 330 0
0 330 0 1 62 0 330 0
0 330 0 1 169 0 330 0
0 330 0 1 169 0 330 0
0 330 0 1 169 0 330 0
0 330 0 1 169 0 330 0
0 330 0 1 169 0 330 0
0 330 0 1 169 0 330 0
0 330 0 1 169 0 330 0
0 330 0 1 169 0 330 0
0 330 0 1 169 0 330 0
0 330 0 1 169 0 330 0
0 330 0 1 169 0 330 0
0 330 0 1 169 0 330 0
0 330 0 1 169 0 330 0
0 330 0 1 169 0 330 0
0 330 0 1 169 0 330 0
0 330 0 1 169 0 330 0
0 330 0 1 169 0 330 0
0 0 755 1 95 0 0 755
-1
6 66
367 0 1 1 2 367 0 1
367 0 1 1 2 367 0 1
367 0 1 1 2 367 0 1
367 0 1 1 2 367 0 1
367 0 1 1 2 367 0 1
367 0 1 1 2 367 0 1
367 0 1 1 2 367 0 1
367 0 1 1 2 367 0 1
367 0 1 1 2 367 0 1
367 0 1 1 2 367 0 1
367 0 1 1 2 367 0 1
367 0 1 1 2 367 0 1
367 0 1 1 2 367 0 1
367 0 1 1 2 367 0 1
367 0 1 1 2 367 0 1
367 0 1 1 2 367 0 1
367 0 1 1 2 367 0 1
367 0 1 1 2 367 0 1
367 0 1 1 2 367 0 1
367 0 1 1 2 367 0 1
367 0 1 1 2 367 0 1
367 0 1 1 2 367 0 1
367 0 1 1 2 367 0 1
367 0 1 1 123 367 0 1
367 0 1 1 123 367 0 1
367 0 1 1 123 367 0 1
367 0 1 1 123 367 0 1
367 0 1 1 123 367 0 1
367 0 1 1 123 367 0 1
367 0 1 1 123 367 0 1
367 0 1 1 123 367 0 1
367 0 1 1 123 367 0 1
367 0 1 1 123 367 0 1
367 0 1 1 123 367 0 1
367 0 1 1 123 367 0 1
367 0 1 1 123 367 0 1
367 0 1 1 123 367 0 1
367 0 1 1 123 367 0 1
367 0 1 1 123 367 0 1
367 0 1 1 123 367 0 1
367 0 1 1 123 367 0 1
367 0 1 1 123 367 0 1
367 0 1 1 123 367 0 1
367 0 1 1 123 367 0 1
367 0 1 1 123 367 0 1
367 0 1 1 123 367 0 1
367 0 1 1 123 367 0 1
367 0 1 1 123 367 0 1
367 0 1 1 123 367 0 1
367 0 1 1 123 367 0 1
367 0 1 1 123 367 0 1
367 0 1 1 123 367 0 1
367 0 1 1 123 367 0 1
367 0 1 1 123 367 0 1
367 0 1 1 123 367 0 1
367 0 1 1 123 367 0 1
367 0 1 1 123 367 0 1
367 0 1 1 123 367 0 1
367 0 1 1 123 367 0 1
367 0 1 1 123 367 0 1
367 0 1 1 123 367 0 1
367 0 1 1 123 367 0 1
367 0 1 1 123 367 0 1
367 0 1 1 123 367 0 1
367 0 1 1 123 367 0 1
367 0 1 1 123 367 0 1
-1
7 68
0 242 1 1 54 0 242 1
0 242 1 1 54 0 242 1
0 242 1 1 54 0 242 1
0 242 1 1 54 0 242 1
0 242 1 1 54 0 242 1
0 242 1 1 54 0 242 1
0 242 1 1 54 0 242 1
0 242 1 1 54 0 242 1
0 242 1 1 54 0 242 1
0 242 1 1 54 0 242 1
0 242 1 1 54 0 242 1
0 242 1 1 54 0 242 1
0 242 1 1 54 0 242 1
0 242 1 1 54 0 242 1
0 242 1 1 54 0 242 1
0 242 1 1 54 0 242 1
0 242 1 1 54 0 242 1
0 242 1 1 54 0 242 1
0 242 1 1 54 0 242 1
0 242 1 1 54 0 242 1
0 242 1 1 54 0 242 1
0 242 1 1 137 0 242 1
0 242 1 1 137 0 242 1
0 242 1 1 137 0 242 1
0 242 1 1 137 0 242 1
0 242 1 1 137 0 242 1
0 242 1 1 137 0 242 1
0 242 1 1 137 0 242 1
0 242 1 1 137 0 242 1
0 242 1 1 137 0 242 1
0 242 1 1 137 0 242 1
0 242 1 1 137 0 242 1
0 242 1 1 137 0 242 1
0 242 1 1 137 0 242 1
0 242 1 1 137 0 242 1
0 198 102 1 137 0 198 102
0 0 555 1 54 0 0 555
0 0 555 1 54 0 0 555
0 0 555 1 54 0 0 555
0 242 1 1 164 0 242 1
0 242 1 1 164 0 242 1
0 242 1 1 164 0 242 1
0 242 1 1 164 0 242 1
0 242 1 1 164 0 242 1
0 242 1 1 164 0 242 1
0 242 1 1 164 0 242 1
0 242 1 1 164 0 242 1
0 242 1 1 164 0 242 1
0 242 1 1 164 0 242 1
0 242 1 1 164 0 242 1
0 242 1 1 164 0 242 1
0 242 1 1 164 0 242 1
0 242 1 1 164 0 242 1
0 242 1 1 78 0 242 1
0 242 1 1 78 0 242 1
0 242 1 1 78 0 242 1
0 242 1 1 78 0 242 1
0 242 1 1 78 0 242 1
0 242 1 1 78 0 242 1
0 242 1 1 78 0 242 1
0 242 1 1 78 0 242 1
0 242 1 1 78 0 242 1
0 242 1 1 78 0 242 1
0 242 1 1 78 0 242 1
0 201 95 1 78 0 201 95
0 0 555 1 137 0 0 555
0 242 1 1 102 0 242 1
0 0 555 1 164 0 0 555
-1
8 38
593 80 1 1 62 593 80 1
593 80 1 1 62 593 80 1
593 80 1 1 62 593 80 1
593 80 1 1 62 593 80 1
593 80 1 1 62 593 80 1
593 80 1 1 62 593 80 1
593 80 1 1 62 593 80 1
593 80 1 1 62 593 80 1
593 80 1 1 62 593 80 1
593 80 1 1 62 593 80 1
593 80 1 1 62 593 80 1
593 80 1 1 62 593 80 1
593 80 1 1 62 593 80 1
593 80 1 1 62 593 80 1
593 80 1 1 62 593 80 1
593 80 1 1 62 593 80 1
593 80 1 1 62 593 80 1
593 80 1 1 62 593 80 1
593 80 1 1 62 593 80 1
593 80 1 1 62 593 80 1
593 80 1 1 62 593 80 1
593 80 1 1 62 593 80 1
593 80 1 1 62 593 80 1
593 80 1 1 62 593 80 1
593 80 1 1 62 593 80 1
593 80 1 1 62 593 80 1
593 80 1 1 62 593 80 1
593 80 1 1 62 593 80 1
593 80 1 1 62 593 80 1
593 80 1 1 62 593 80 1
593 80 1 1 62 593 80 1
593 80 1 1 62 593 80 1
593 80 1 1 62 593 80 1
593 80 1 1 65 593 80 1
593 80 1 1 65 593 80 1
593 80 1 1 65 593 80 1
593 80 1 1 65 593 80 1
45 0 743 1 62 45 0 743
-1
9 49
0 312 1 1 95 0 312 1
0 312 1 1 95 0 312 1
0 312 1 1 95 0 312 1
0 312 1 1 95 0 312 1
0 312 1 1 95 0 312 1
0 312 1 1 95 0 312 1
0 312 1 1 95 0 312 1
0 312 1 1 95 0 312 1
0 312 1 1 95 0 312 1
0 312 1 1 95 0 312 1
0 312 1 1 95 0 312 1
0 312 1 1 95 0 312 1
0 312 1 1 95 0 312 1
0 312 1 1 95 0 312 1
0 312 1 1 95 0 312 1
0 312 1 1 95 0 312 1
0 312 1 1 95 0 312 1
0 312 1 1 95 0 312 1
0 312 1 1 95 0 312 1
0 312 1 1 95 0 312 1
0 312 1 1 95 0 312 1
0 312 1 1 95 0 312 1
0 312 1 1 95 0 312 1
0 312 1 1 95 0 312 1
0 312 1 1 95 0 312 1
0 312 1 1 95 0 312 1
0 312 1 1 95 0 312 1
0 312 1 1 95 0 312 1
0 312 1 1 95 0 312 1
0 93 501 1 95 0 93 501
0 312 1 1 169 0 312 1
0 312 1 1 169 0 312 1
0 312 1 1 169 0 312 1
0 312 1 1 169 0 312 1
0 312 1 1 169 0 312 1
0 312 1 1 169 0 312 1
0 312 1 1 169 0 312 1
0 312 1 1 169 0 312 1
0 312 1 1 169 0 312 1
0 312 1 1 169 0 312 1
0 312 1 1 169 0 312 1
0 312 1 1 169 0 312 1
0 312 1 1 169 0 312 1
0 312 1 1 169 0 312 1
0 312 1 1 169 0 312 1
0 312 1 1 169 0 312 1
0 312 1 1 169 0 312 1
0 312 1 1 169 0 312 1
0 312 1 1 169 0 312 1
-1
10 74
0 359 1 1 35 0 359 1
0 359 1 1 35 0 359 1
0 359 1 1 35 0 359 1
0 359 1 1 35 0 359 1
0 359 1 1 35 0 359 1
0 359 1 1 35 0 359 1
0 359 1 1 35 0 359 1
0 359 1 1 35 0 359 1
0 359 1 1 35 0 359 1
0 359 1 1 35 0 359 1
0 359 1 1 35 0 359 1
0 359 1 1 35 0 359 1
0 359 1 1 35 0 359 1
0 359 1 1 35 0 359 1
0 359 1 1 35 0 359 1
0 359 1 1 35 0 359 1
0 359 1 1 35 0 359 1
0 359 1 1 35 0 359 1
0 359 1 1 35 0 359 1
0 359 1 1 35 0 359 1
0 359 1 1 35 0 359 1
0 359 1 1 35 0 359 1
0 359 1 1 35 0 359 1
0 359 1 1 35 0 359 1
0 359 1 1 35 0 359 1
0 359 1 1 35 0 359 1
0 359 1 1 35 0 359 1
0 359 1 1 35 0 359 1
0 359 1 1 35 0 359 1
0 359 1 1 35 0 359 1
0 359 1 1 35 0 359 1
0 359 1 1 35 0 359 1
0 359 1 1 35 0 359 1
0 359 1 1 35 0 359 1
0 359 1 1 35 0 359 1
0 359 1 1 35 0 359 1
0 359 1 1 35 0 359 1
0 359 1 1 35 0 359 1
0 359 1 1 35 0 359 1
0 359 1 1 35 0 359 1
0 359 1 1 35 0 359 1
0 359 1 1 35 0 359 1
0 359 1 1 35 0 359 1
0 359 1 1 35 0 359 1
0 359 1 1 35 0 359 1
0 359 1 1 35 0 359 1
0 359 1 1 35 0 359 1
0 359 1 1 35 0 359 1
0 359 1 1 35 0 359 1
0 359 1 1 35 0 359 1
0 359 1 1 78 0 359 1
0 359 1 1 78 0 359 1
0 359 1 1 78 0 359 1
0 359 1 1 78 0 359 1
0 359 1 1 78 0 359 1
0 359 1 1 78 0 359 1
0 359 1 1 78 0 359 1
0 359 1 1 78 0 359 1
0 359 1 1 78 0 359 1
0 359 1 1 78 0 359 1
0 359 1 1 78 0 359 1
0 359 1 1 78 0 359 1
0 359 1 1 78 0 359 1
0 359 1 1 78 0 359 1
0 359 1 1 78 0 359 1
0 359 1 1 78 0 359 1
0 359 1 1 78 0 359 1
0 359 1 1 78 0 359 1
0 359 1 1 78 0 359 1
0 158 461 1 35 0 158 461
0 0 822 1 35 0 0 822
0 0 822 1 78 0 0 822
0 0 822 1 78 0 0 822
0 0 822 1 78 0 0 822
-1
11 68
0 423 0 1 54 0 423 0
0 423 0 1 54 0 423 0
0 423 0 1 54 0 423 0
0 423 0 1 54 0 423 0
0 423 0 1 54 0 423 0
0 423 0 1 54 0 423 0
0 423 0 1 54 0 423 0
0 423 0 1 54 0 423 0
0 423 0 1 54 0 423 0
0 423 0 1 54 0 423 0
0 423 0 1 54 0 423 0
0 423 0 1 54 0 423 0
0 423 0 1 54 0 423 0
0 423 0 1 54 0 423 0
0 423 0 1 54 0 423 0
0 423 0 1 54 0 423 0
0 423 0 1 54 0 423 0
0 423 0 1 54 0 423 0
0 423 0 1 54 0 423 0
0 423 0 1 54 0 423 0
0 423 0 1 54 0 423 0
0 423 0 1 54 0 423 0
0 423 0 1 54 0 423 0
0 423 0 1 54 0 423 0
0 423 0 1 54 0 423 0
0 423 0 1 137 0 423 0
0 423 0 1 137 0 423 0
0 423 0 1 137 0 423 0
0 423 0 1 137 0 423 0
0 423 0 1 137 0 423 0
0 423 0 1 137 0 423 0
0 423 0 1 137 0 423 0
0 423 0 1 137 0 423 0
0 423 0 1 137 0 423 0
0 423 0 1 137 0 423 0
0 423 0 1 164 0 423 0
0 423 0 1 164 0 423 0
0 423 0 1 164 0 423 0
0 423 0 1 164 0 423 0
0 423 0 1 164 0 423 0
0 423 0 1 164 0 423 0
0 423 0 1 164 0 423 0
0 423 0 1 164 0 423 0
0 423 0 1 164 0 423 0
0 423 0 1 164 0 423 0
0 423 0 1 164 0 423 0
0 423 0 1 164 0 423 0
0 423 0 1 164 0 423 0
0 423 0 1 164 0 423 0
0 423 0 1 164 0 423 0
0 423 0 1 78 0 423 0
0 423 0 1 78 0 423 0
0 423 0 1 78 0 423 0
0 423 0 1 78 0 423 0
0 423 0 1 78 0 423 0
0 423 0 1 78 0 423 0
0 423 0 1 78 0 423 0
0 423 0 1 78 0 423 0
0 423 0 1 78 0 423 0
0 423 0 1 78 0 423 0
0 423 0 1 78 0 423 0
0 423 0 1 78 0 423 0
0 423 0 1 78 0 423 0
0 423 0 1 78 0 423 0
0 423 0 1 78 0 423 0
0 423 0 1 78 0 423 0
0 423 0 1 78 0 423 0
0 0 801 1 137 0 0 801
-1
12 70
0 128 1 1 54 0 128 1
0 128 1 1 54 0 128 1
0 128 1 1 54 0 128 1
0 128 1 1 54 0 128 1
0 128 1 1 54 0 128 1
0 128 1 1 54 0 128 1
0 128 1 1 54 0 128 1
0 128 1 1 54 0 128 1
0 128 1 1 54 0 128 1
0 128 1 1 54 0 128 1
0 128 1 1 54 0 128 1
0 128 1 1 54 0 128 1
0 128 1 1 54 0 128 1
0 128 1 1 54 0 128 1
0 128 1 1 54 0 128 1
0 128 1 1 54 0 128 1
0 128 1 1 54 0 128 1
0 128 1 1 54 0 128 1
0 128 1 1 54 0 128 1
0 128 1 1 54 0 128 1
0 128 1 1 54 0 128 1
0 128 1 1 54 0 128 1
0 128 1 1 54 0 128 1
0 58 161 1 54 0 58 161
0 128 1 1 137 0 128 1
0 128 1 1 137 0 128 1
0 128 1 1 137 0 128 1
0 128 1 1 137 0 128 1
0 128 1 1 137 0 128 1
0 128 1 1 137 0 128 1
0 128 1 1 137 0 128 1
0 128 1 1 137 0 128 1
0 128 1 1 137 0 128 1
0 128 1 1 137 0 128 1
0 128 1 1 137 0 128 1
0 128 1 1 137 0 128 1
0 0 293 1 54 0 0 293
0 0 293 1 54 0 0 293
0 0 293 1 54 0 0 293
0 128 1 1 164 0 128 1
0 128 1 1 164 0 128 1
0 128 1 1 164 0 128 1
0 128 1 1 164 0 128 1
0 128 1 1 164 0 128 1
0 128 1 1 164 0 128 1
0 128 1 1 78 0 128 1
0 128 1 1 78 0 128 1
0 128 1 1 78 0 128 1
0 128 1 1 78 0 128 1
0 128 1 1 78 0 128 1
0 128 1 1 78 0 128 1
0 128 1 1 78 0 128 1
0 128 1 1 78 0 128 1
0 128 1 1 78 0 128 1
0 128 1 1 78 0 128 1
0 128 1 1 78 0 128 1
0 128 1 1 78 0 128 1
0 128 1 1 78 0 128 1
0 128 1 1 78 0 128 1
0 128 1 1 78 0 128 1
0 128 1 1 78 0 128 1
0 128 1 1 78 0 128 1
0 128 1 1 78 0 128 1
0 128 1 1 78 0 128 1
0 128 1 1 78 0 128 1
0 24 239 1 164 0 24 239
0 0 293 1 164 0 0 293
0 0 293 1 164 0 0 293
0 0 293 1 164 0 0 293
0 0 293 1 164 0 0 293
-1
13 57
0 219 1 1 167 0 219 1
0 219 1 1 167 0 219 1
0 219 1 1 167 0 219 1
0 219 1 1 167 0 219 1
0 219 1 1 167 0 219 1
0 219 1 1 167 0 219 1
0 219 1 1 167 0 219 1
0 219 1 1 167 0 219 1
0 219 1 1 167 0 219 1
0 219 1 1 167 0 219 1
0 219 1 1 167 0 219 1
0 219 1 1 167 0 219 1
0 219 1 1 167 0 219 1
0 219 1 1 167 0 219 1
0 219 1 1 167 0 219 1
0 219 1 1 167 0 219 1
0 219 1 1 2 0 219 1
0 219 1 1 2 0 219 1
0 219 1 1 2 0 219 1
0 219 1 1 2 0 219 1
0 219 1 1 2 0 219 1
0 219 1 1 2 0 219 1
0 219 1 1 164 0 219 1
0 219 1 1 164 0 219 1
0 219 1 1 164 0 219 1
0 219 1 1 164 0 219 1
0 219 1 1 164 0 219 1
0 219 1 1 164 0 219 1
0 219 1 1 164 0 219 1
0 219 1 1 164 0 219 1
0 219 1 1 164 0 219 1
0 219 1 1 164 0 219 1
0 219 1 1 164 0 219 1
0 219 1 1 164 0 219 1
0 219 1 1 164 0 219 1
0 219 1 1 164 0 219 1
0 219 1 1 164 0 219 1
0 219 1 1 164 0 219 1
0 219 1 1 164 0 219 1
0 219 1 1 164 0 219 1
0 219 1 1 164 0 219 1
0 219 1 1 164 0 219 1
0 219 1 1 164 0 219 1
0 219 1 1 164 0 219 1
0 178 95 1 2 0 178 95
0 219 1 1 50 0 219 1
0 219 1 1 50 0 219 1
0 219 1 1 50 0 219 1
0 219 1 1 50 0 219 1
0 219 1 1 50 0 219 1
0 219 1 1 50 0 219 1
0 219 1 1 50 0 219 1
0 219 1 1 50 0 219 1
0 219 1 1 50 0 219 1
0 219 1 1 50 0 219 1
0 219 1 1 50 0 219 1
0 219 1 1 50 0 219 1
-1
14 47
0 309 1 1 95 0 309 1
0 309 1 1 95 0 309 1
0 309 1 1 95 0 309 1
0 309 1 1 95 0 309 1
0 309 1 1 95 0 309 1
0 309 1 1 95 0 309 1
0 309 1 1 95 0 309 1
0 309 1 1 95 0 309 1
0 309 1 1 95 0 309 1
0 309 1 1 95 0 309 1
0 309 1 1 95 0 309 1
0 309 1 1 95 0 309 1
0 309 1 1 95 0 309 1
0 309 1 1 95 0 309 1
0 309 1 1 95 0 309 1
0 309 1 1 95 0 309 1
0 309 1 1 95 0 309 1
0 309 1 1 95 0 309 1
0 309 1 1 95 0 309 1
0 309 1 1 95 0 309 1
0 309 1 1 95 0 309 1
0 309 1 1 95 0 309 1
0 309 1 1 95 0 309 1
0 309 1 1 95 0 309 1
0 309 1 1 95 0 309 1
0 309 1 1 169 0 309 1
0 309 1 1 169 0 309 1
0 309 1 1 169 0 309 1
0 309 1 1 169 0 309 1
0 309 1 1 169 0 309 1
0 309 1 1 169 0 309 1
0 309 1 1 169 0 309 1
0 309 1 1 169 0 309 1
0 309 1 1 169 0 309 1
0 309 1 1 169 0 309 1
0 309 1 1 169 0 309 1
0 309 1 1 169 0 309 1
0 309 1 1 169 0 309 1
0 309 1 1 169 0 309 1
0 309 1 1 169 0 309 1
0 309 1 1 169 0 309 1
0 309 1 1 169 0 309 1
0 309 1 1 169 0 309 1
0 309 1 1 169 0 309 1
0 309 1 1 169 0 309 1
0 0 708 1 95 0 0 708
0 0 708 1 95 0 0 708
-1
15 29
303 7 1 1 102 303 7 1
303 7 1 1 102 303 7 1
303 7 1 1 102 303 7 1
303 7 1 1 102 303 7 1
303 7 1 1 102 303 7 1
303 7 1 1 102 303 7 1
303 7 1 1 102 303 7 1
303 7 1 1 102 303 7 1
303 7 1 1 102 303 7 1
303 7 1 1 102 303 7 1
303 7 1 1 102 303 7 1
303 7 1 1 102 303 7 1
303 7 1 1 102 303 7 1
303 7 1 1 102 303 7 1
303 7 1 1 102 303 7 1
303 7 1 1 102 303 7 1
303 7 1 1 102 303 7 1
303 7 1 1 102 303 7 1
303 7 1 1 102 303 7 1
303 7 1 1 102 303 7 1
303 7 1 1 102 303 7 1
303 7 1 1 102 303 7 1
303 7 1 1 102 303 7 1
303 7 1 1 102 303 7 1
303 7 1 1 102 303 7 1
303 7 1 1 102 303 7 1
303 7 1 1 102 303 7 1
303 7 1 1 102 303 7 1
303 7 1 1 102 303 7 1
-1
