1 37
0 463 1 1 497 0 463 1
0 463 1 1 497 0 463 1
0 463 1 1 497 0 463 1
0 463 1 1 497 0 463 1
0 463 1 1 497 0 463 1
0 463 1 1 497 0 463 1
0 463 1 1 497 0 463 1
0 463 1 1 497 0 463 1
0 463 1 1 426 0 463 1
0 463 1 1 426 0 463 1
0 463 1 1 530 0 463 1
0 463 1 1 530 0 463 1
0 463 1 1 741 0 463 1
0 463 1 1 741 0 463 1
0 463 1 1 741 0 463 1
0 463 1 1 741 0 463 1
0 463 1 1 741 0 463 1
0 463 1 1 847 0 463 1
0 463 1 1 847 0 463 1
0 463 1 1 699 0 463 1
0 463 1 1 699 0 463 1
0 463 1 1 699 0 463 1
0 463 1 1 699 0 463 1
0 463 1 1 699 0 463 1
0 463 1 1 699 0 463 1
0 463 1 1 132 0 463 1
0 463 1 1 156 0 463 1
0 463 1 1 156 0 463 1
0 463 1 1 156 0 463 1
0 463 1 1 1152 0 463 1
0 463 1 1 1152 0 463 1
0 463 1 1 1152 0 463 1
0 463 1 1 1188 0 463 1
0 463 1 1 1188 0 463 1
0 463 1 1 1188 0 463 1
0 463 1 1 1188 0 463 1
0 0 641 1 847 0 0 641
-1
2 30
0 1053 0 1 74 0 1053 0
0 1053 0 1 74 0 1053 0
0 1053 0 1 74 0 1053 0
0 1053 0 1 74 0 1053 0
0 1053 0 1 74 0 1053 0
0 1053 0 1 454 0 1053 0
0 1053 0 1 454 0 1053 0
0 1053 0 1 454 0 1053 0
0 1053 0 1 454 0 1053 0
0 1053 0 1 454 0 1053 0
0 1053 0 1 454 0 1053 0
0 1053 0 1 454 0 1053 0
0 1053 0 1 132 0 1053 0
0 1053 0 1 132 0 1053 0
0 1053 0 1 132 0 1053 0
0 1053 0 1 132 0 1053 0
0 1053 0 1 162 0 1053 0
0 1053 0 1 162 0 1053 0
0 1053 0 1 162 0 1053 0
0 1053 0 1 162 0 1053 0
0 1053 0 1 162 0 1053 0
0 1053 0 1 162 0 1053 0
0 1053 0 1 162 0 1053 0
0 1053 0 1 162 0 1053 0
0 1053 0 1 162 0 1053 0
0 1053 0 1 162 0 1053 0
0 1053 0 1 162 0 1053 0
0 1053 0 1 162 0 1053 0
0 1053 0 1 162 0 1053 0
0 0 1455 1 74 0 0 1455
-1
3 72
0 768 0 1 207 0 768 0
0 768 0 1 207 0 768 0
0 768 0 1 207 0 768 0
0 768 0 1 207 0 768 0
0 768 0 1 207 0 768 0
0 768 0 1 207 0 768 0
0 768 0 1 207 0 768 0
0 768 0 1 207 0 768 0
0 768 0 1 207 0 768 0
0 768 0 1 207 0 768 0
0 768 0 1 207 0 768 0
0 768 0 1 207 0 768 0
0 768 0 1 207 0 768 0
0 768 0 1 207 0 768 0
0 768 0 1 207 0 768 0
0 768 0 1 207 0 768 0
0 768 0 1 207 0 768 0
0 768 0 1 207 0 768 0
0 768 0 1 207 0 768 0
0 768 0 1 207 0 768 0
0 768 0 1 207 0 768 0
0 768 0 1 207 0 768 0
0 768 0 1 207 0 768 0
0 768 0 1 207 0 768 0
0 768 0 1 207 0 768 0
0 768 0 1 207 0 768 0
0 768 0 1 1052 0 768 0
0 768 0 1 1052 0 768 0
0 768 0 1 1052 0 768 0
0 768 0 1 1052 0 768 0
0 768 0 1 1052 0 768 0
0 768 0 1 1052 0 768 0
0 768 0 1 1052 0 768 0
0 768 0 1 1052 0 768 0
0 768 0 1 1052 0 768 0
0 768 0 1 1052 0 768 0
0 768 0 1 1052 0 768 0
0 768 0 1 585 0 768 0
0 768 0 1 585 0 768 0
0 768 0 1 585 0 768 0
0 768 0 1 585 0 768 0
0 768 0 1 585 0 768 0
0 768 0 1 585 0 768 0
0 768 0 1 585 0 768 0
0 768 0 1 585 0 768 0
0 768 0 1 585 0 768 0
0 768 0 1 1199 0 768 0
0 768 0 1 1199 0 768 0
0 768 0 1 1199 0 768 0
0 768 0 1 1199 0 768 0
0 768 0 1 1199 0 768 0
0 768 0 1 1199 0 768 0
0 768 0 1 1199 0 768 0
0 768 0 1 1199 0 768 0
0 768 0 1 1199 0 768 0
0 768 0 1 1199 0 768 0
0 768 0 1 1088 0 768 0
0 768 0 1 1088 0 768 0
0 768 0 1 1088 0 768 0
0 768 0 1 1088 0 768 0
0 768 0 1 1088 0 768 0
0 768 0 1 1088 0 768 0
0 768 0 1 1088 0 768 0
0 768 0 1 1088 0 768 0
0 768 0 1 1088 0 768 0
0 768 0 1 1088 0 768 0
0 768 0 1 1088 0 768 0
0 768 0 1 1088 0 768 0
0 768 0 1 1088 0 768 0
0 0 1061 1 1052 0 0 1061
0 0 1061 1 585 0 0 1061
0 0 277 2 207 0 0 210 1052 0 0 67
-1
4 58
0 506 0 1 281 0 506 0
0 506 0 1 281 0 506 0
0 506 0 1 281 0 506 0
0 506 0 1 281 0 506 0
0 506 0 1 281 0 506 0
0 506 0 1 281 0 506 0
0 506 0 1 281 0 506 0
0 506 0 1 281 0 506 0
0 506 0 1 281 0 506 0
0 506 0 1 281 0 506 0
0 506 0 1 281 0 506 0
0 506 0 1 281 0 506 0
0 506 0 1 281 0 506 0
0 506 0 1 281 0 506 0
0 506 0 1 281 0 506 0
0 506 0 1 281 0 506 0
0 506 0 1 281 0 506 0
0 506 0 1 281 0 506 0
0 506 0 1 281 0 506 0
0 506 0 1 281 0 506 0
0 506 0 1 281 0 506 0
0 506 0 1 281 0 506 0
0 506 0 1 281 0 506 0
0 506 0 1 281 0 506 0
0 506 0 1 281 0 506 0
0 506 0 1 583 0 506 0
0 506 0 1 1195 0 506 0
0 506 0 1 1195 0 506 0
0 506 0 1 1195 0 506 0
0 506 0 1 1188 0 506 0
0 506 0 1 1188 0 506 0
0 506 0 1 1188 0 506 0
0 506 0 1 1188 0 506 0
0 506 0 1 1188 0 506 0
0 506 0 1 1188 0 506 0
0 506 0 1 1188 0 506 0
0 506 0 1 1188 0 506 0
0 506 0 1 1188 0 506 0
0 506 0 1 1188 0 506 0
0 506 0 1 1188 0 506 0
0 506 0 1 1188 0 506 0
0 506 0 1 1188 0 506 0
0 506 0 1 1188 0 506 0
0 506 0 1 1188 0 506 0
0 506 0 1 1188 0 506 0
0 506 0 1 1188 0 506 0
0 506 0 1 668 0 506 0
0 506 0 1 1018 0 506 0
0 315 264 1 1188 0 315 264
0 104 556 1 583 0 104 556
0 82 586 1 343 0 82 586
0 25 665 1 281 0 25 665
0 0 700 1 281 0 0 700
0 0 700 1 281 0 0 700
0 0 700 1 583 0 0 700
0 0 700 1 583 0 0 700
0 0 698 1 1195 0 0 698
0 0 687 2 281 0 0 431 583 0 0 256
-1
5 101
0 689 0 1 181 0 689 0
0 689 0 1 181 0 689 0
0 689 0 1 181 0 689 0
0 689 0 1 181 0 689 0
0 689 0 1 181 0 689 0
0 689 0 1 181 0 689 0
0 689 0 1 181 0 689 0
0 689 0 1 181 0 689 0
0 689 0 1 181 0 689 0
0 689 0 1 181 0 689 0
0 689 0 1 181 0 689 0
0 689 0 1 181 0 689 0
0 689 0 1 181 0 689 0
0 689 0 1 181 0 689 0
0 689 0 1 181 0 689 0
0 689 0 1 181 0 689 0
0 689 0 1 181 0 689 0
0 689 0 1 181 0 689 0
0 689 0 1 181 0 689 0
0 689 0 1 181 0 689 0
0 689 0 1 181 0 689 0
0 689 0 1 181 0 689 0
0 689 0 1 181 0 689 0
0 689 0 1 181 0 689 0
0 689 0 1 181 0 689 0
0 689 0 1 181 0 689 0
0 689 0 1 181 0 689 0
0 689 0 1 181 0 689 0
0 689 0 1 181 0 689 0
0 689 0 1 181 0 689 0
0 689 0 1 181 0 689 0
0 689 0 1 181 0 689 0
0 689 0 1 364 0 689 0
0 689 0 1 364 0 689 0
0 689 0 1 364 0 689 0
0 689 0 1 364 0 689 0
0 689 0 1 364 0 689 0
0 689 0 1 364 0 689 0
0 689 0 1 364 0 689 0
0 689 0 1 364 0 689 0
0 689 0 1 364 0 689 0
0 689 0 1 364 0 689 0
0 689 0 1 364 0 689 0
0 689 0 1 364 0 689 0
0 689 0 1 364 0 689 0
0 689 0 1 364 0 689 0
0 689 0 1 424 0 689 0
0 689 0 1 424 0 689 0
0 689 0 1 424 0 689 0
0 689 0 1 424 0 689 0
0 689 0 1 424 0 689 0
0 689 0 1 424 0 689 0
0 689 0 1 424 0 689 0
0 689 0 1 424 0 689 0
0 689 0 1 424 0 689 0
0 689 0 1 424 0 689 0
0 689 0 1 424 0 689 0
0 689 0 1 424 0 689 0
0 689 0 1 424 0 689 0
0 689 0 1 424 0 689 0
0 689 0 1 424 0 689 0
0 689 0 1 424 0 689 0
0 689 0 1 424 0 689 0
0 689 0 1 424 0 689 0
0 689 0 1 424 0 689 0
0 689 0 1 424 0 689 0
0 689 0 1 424 0 689 0
0 689 0 1 424 0 689 0
0 689 0 1 424 0 689 0
0 689 0 1 424 0 689 0
0 689 0 1 424 0 689 0
0 689 0 1 424 0 689 0
0 689 0 1 424 0 689 0
0 689 0 1 424 0 689 0
0 689 0 1 424 0 689 0
0 689 0 1 424 0 689 0
0 689 0 1 424 0 689 0
0 689 0 1 424 0 689 0
0 689 0 1 424 0 689 0
0 689 0 1 424 0 689 0
0 689 0 1 424 0 689 0
0 689 0 1 424 0 689 0
0 689 0 1 424 0 689 0
0 689 0 1 424 0 689 0
0 689 0 1 895 0 689 0
0 689 0 1 895 0 689 0
0 689 0 1 895 0 689 0
0 689 0 1 895 0 689 0
0 689 0 1 895 0 689 0
0 689 0 1 895 0 689 0
0 689 0 1 895 0 689 0
0 689 0 1 895 0 689 0
0 689 0 1 895 0 689 0
0 689 0 1 895 0 689 0
0 689 0 1 895 0 689 0
0 689 0 1 895 0 689 0
0 362 452 1 181 0 362 452
0 11 937 1 364 0 11 937
0 0 952 1 181 0 0 952
0 0 952 1 181 0 0 952
0 0 270 2 364 0 0 136 181 0 0 134
-1
6 33
0 382 1 1 74 0 382 1
0 382 1 1 74 0 382 1
0 382 1 1 74 0 382 1
0 382 1 1 74 0 382 1
0 382 1 1 74 0 382 1
0 382 1 1 74 0 382 1
0 382 1 1 74 0 382 1
0 382 1 1 74 0 382 1
0 382 1 1 318 0 382 1
0 382 1 1 318 0 382 1
0 382 1 1 318 0 382 1
0 382 1 1 318 0 382 1
0 382 1 1 318 0 382 1
0 382 1 1 605 0 382 1
0 382 1 1 605 0 382 1
0 382 1 1 605 0 382 1
0 382 1 1 605 0 382 1
0 382 1 1 605 0 382 1
0 382 1 1 605 0 382 1
0 382 1 1 605 0 382 1
0 382 1 1 605 0 382 1
0 382 1 1 225 0 382 1
0 382 1 1 225 0 382 1
0 382 1 1 225 0 382 1
0 382 1 1 225 0 382 1
0 382 1 1 225 0 382 1
0 382 1 1 873 0 382 1
0 382 1 1 873 0 382 1
0 382 1 1 873 0 382 1
0 382 1 1 873 0 382 1
0 382 1 1 873 0 382 1
0 382 1 1 1171 0 382 1
0 382 1 1 1171 0 382 1
-1
7 40
0 212 1 1 426 0 212 1
0 212 1 1 426 0 212 1
0 212 1 1 426 0 212 1
0 212 1 1 426 0 212 1
0 212 1 1 426 0 212 1
0 212 1 1 426 0 212 1
0 212 1 1 530 0 212 1
0 212 1 1 741 0 212 1
0 212 1 1 741 0 212 1
0 212 1 1 741 0 212 1
0 212 1 1 741 0 212 1
0 212 1 1 741 0 212 1
0 212 1 1 741 0 212 1
0 212 1 1 1015 0 212 1
0 212 1 1 1015 0 212 1
0 212 1 1 1015 0 212 1
0 212 1 1 1015 0 212 1
0 212 1 1 1015 0 212 1
0 212 1 1 1015 0 212 1
0 212 1 1 1015 0 212 1
0 212 1 1 1015 0 212 1
0 212 1 1 1015 0 212 1
0 212 1 1 1015 0 212 1
0 212 1 1 132 0 212 1
0 212 1 1 132 0 212 1
0 212 1 1 203 0 212 1
0 212 1 1 203 0 212 1
0 212 1 1 203 0 212 1
0 212 1 1 716 0 212 1
0 212 1 1 716 0 212 1
0 212 1 1 716 0 212 1
0 212 1 1 699 0 212 1
0 208 6 1 203 0 208 6
0 212 1 1 1152 0 212 1
0 212 1 1 752 0 212 1
0 212 1 1 643 0 212 1
0 212 1 1 873 0 212 1
0 212 1 1 910 0 212 1
0 212 1 1 910 0 212 1
0 0 294 1 1015 0 0 294
-1
8 34
0 646 1 1 497 0 646 1
0 646 1 1 497 0 646 1
0 646 1 1 497 0 646 1
0 646 1 1 497 0 646 1
0 646 1 1 497 0 646 1
0 646 1 1 426 0 646 1
0 646 1 1 530 0 646 1
0 646 1 1 741 0 646 1
0 646 1 1 741 0 646 1
0 646 1 1 741 0 646 1
0 646 1 1 741 0 646 1
0 646 1 1 847 0 646 1
0 646 1 1 847 0 646 1
0 646 1 1 847 0 646 1
0 646 1 1 847 0 646 1
0 646 1 1 847 0 646 1
0 646 1 1 847 0 646 1
0 646 1 1 847 0 646 1
0 646 1 1 699 0 646 1
0 646 1 1 699 0 646 1
0 646 1 1 699 0 646 1
0 646 1 1 156 0 646 1
0 646 1 1 156 0 646 1
0 646 1 1 156 0 646 1
0 646 1 1 156 0 646 1
0 646 1 1 156 0 646 1
0 646 1 1 643 0 646 1
0 646 1 1 1152 0 646 1
0 646 1 1 1152 0 646 1
0 646 1 1 1152 0 646 1
0 646 1 1 1152 0 646 1
0 646 1 1 1152 0 646 1
0 646 1 1 1152 0 646 1
0 0 894 1 426 0 0 894
-1
9 33
0 402 0 1 419 0 402 0
0 402 0 1 419 0 402 0
0 402 0 1 419 0 402 0
0 402 0 1 419 0 402 0
0 402 0 1 419 0 402 0
0 402 0 1 419 0 402 0
0 402 0 1 419 0 402 0
0 402 0 1 419 0 402 0
0 402 0 1 426 0 402 0
0 402 0 1 530 0 402 0
0 402 0 1 741 0 402 0
0 402 0 1 741 0 402 0
0 402 0 1 613 0 402 0
0 402 0 1 613 0 402 0
0 402 0 1 613 0 402 0
0 402 0 1 613 0 402 0
0 402 0 1 613 0 402 0
0 402 0 1 613 0 402 0
0 402 0 1 613 0 402 0
0 402 0 1 613 0 402 0
0 402 0 1 613 0 402 0
0 402 0 1 613 0 402 0
0 402 0 1 203 0 402 0
0 402 0 1 716 0 402 0
0 402 0 1 716 0 402 0
0 402 0 1 873 0 402 0
0 402 0 1 873 0 402 0
0 402 0 1 873 0 402 0
0 402 0 1 1171 0 402 0
0 402 0 1 1171 0 402 0
0 402 0 1 1171 0 402 0
0 402 0 1 1171 0 402 0
0 47 490 1 613 0 47 490
-1
10 35
0 793 0 1 497 0 793 0
0 793 0 1 497 0 793 0
0 793 0 1 497 0 793 0
0 793 0 1 497 0 793 0
0 793 0 1 497 0 793 0
0 793 0 1 426 0 793 0
0 793 0 1 530 0 793 0
0 793 0 1 530 0 793 0
0 793 0 1 741 0 793 0
0 793 0 1 741 0 793 0
0 793 0 1 847 0 793 0
0 793 0 1 847 0 793 0
0 793 0 1 847 0 793 0
0 793 0 1 847 0 793 0
0 793 0 1 847 0 793 0
0 793 0 1 847 0 793 0
0 793 0 1 1015 0 793 0
0 793 0 1 699 0 793 0
0 793 0 1 699 0 793 0
0 793 0 1 699 0 793 0
0 793 0 1 699 0 793 0
0 793 0 1 699 0 793 0
0 793 0 1 156 0 793 0
0 793 0 1 156 0 793 0
0 793 0 1 643 0 793 0
0 793 0 1 643 0 793 0
0 793 0 1 643 0 793 0
0 793 0 1 1152 0 793 0
0 793 0 1 1152 0 793 0
0 793 0 1 1152 0 793 0
0 793 0 1 1152 0 793 0
0 793 0 1 1152 0 793 0
0 793 0 1 1152 0 793 0
0 0 1097 1 497 0 0 1097
0 0 175 1 497 0 0 175
-1
11 45
0 895 1 1 296 0 895 1
0 895 1 1 296 0 895 1
0 895 1 1 296 0 895 1
0 895 1 1 296 0 895 1
0 895 1 1 296 0 895 1
0 895 1 1 296 0 895 1
0 895 1 1 296 0 895 1
0 895 1 1 296 0 895 1
0 895 1 1 296 0 895 1
0 895 1 1 296 0 895 1
0 895 1 1 296 0 895 1
0 895 1 1 296 0 895 1
0 895 1 1 296 0 895 1
0 895 1 1 296 0 895 1
0 895 1 1 296 0 895 1
0 895 1 1 296 0 895 1
0 895 1 1 296 0 895 1
0 895 1 1 296 0 895 1
0 895 1 1 296 0 895 1
0 895 1 1 296 0 895 1
0 895 1 1 296 0 895 1
0 895 1 1 668 0 895 1
0 895 1 1 668 0 895 1
0 895 1 1 668 0 895 1
0 895 1 1 668 0 895 1
0 895 1 1 668 0 895 1
0 895 1 1 668 0 895 1
0 895 1 1 668 0 895 1
0 895 1 1 668 0 895 1
0 895 1 1 668 0 895 1
0 895 1 1 668 0 895 1
0 895 1 1 668 0 895 1
0 895 1 1 668 0 895 1
0 895 1 1 668 0 895 1
0 895 1 1 668 0 895 1
0 895 1 1 501 0 895 1
0 895 1 1 501 0 895 1
0 895 1 1 501 0 895 1
0 895 1 1 501 0 895 1
0 895 1 1 501 0 895 1
0 895 1 1 501 0 895 1
0 895 1 1 501 0 895 1
0 895 1 1 501 0 895 1
0 895 1 1 436 0 895 1
0 579 437 1 501 0 579 437
-1
12 35
0 1038 0 1 190 0 1038 0
0 1038 0 1 190 0 1038 0
0 1038 0 1 190 0 1038 0
0 1038 0 1 190 0 1038 0
0 1038 0 1 798 0 1038 0
0 1038 0 1 798 0 1038 0
0 1038 0 1 798 0 1038 0
0 1038 0 1 1029 0 1038 0
0 1038 0 1 1029 0 1038 0
0 1038 0 1 1029 0 1038 0
0 1038 0 1 1029 0 1038 0
0 1038 0 1 1029 0 1038 0
0 1038 0 1 1029 0 1038 0
0 1038 0 1 1029 0 1038 0
0 1038 0 1 1029 0 1038 0
0 1038 0 1 1109 0 1038 0
0 1038 0 1 1109 0 1038 0
0 1038 0 1 1109 0 1038 0
0 1038 0 1 1109 0 1038 0
0 1038 0 1 1109 0 1038 0
0 1038 0 1 1109 0 1038 0
0 1038 0 1 296 0 1038 0
0 1038 0 1 806 0 1038 0
0 1038 0 1 806 0 1038 0
0 1038 0 1 806 0 1038 0
0 1038 0 1 806 0 1038 0
0 1038 0 1 806 0 1038 0
0 1038 0 1 806 0 1038 0
0 1038 0 1 806 0 1038 0
0 1038 0 1 10 0 1038 0
0 1038 0 1 10 0 1038 0
0 1038 0 1 281 0 1038 0
0 1038 0 1 281 0 1038 0
0 1038 0 1 583 0 1038 0
0 305 1013 1 798 0 305 1013
-1
13 38
0 868 0 1 426 0 868 0
0 868 0 1 426 0 868 0
0 868 0 1 426 0 868 0
0 868 0 1 426 0 868 0
0 868 0 1 426 0 868 0
0 868 0 1 426 0 868 0
0 868 0 1 426 0 868 0
0 868 0 1 741 0 868 0
0 868 0 1 741 0 868 0
0 868 0 1 1015 0 868 0
0 868 0 1 1015 0 868 0
0 868 0 1 1015 0 868 0
0 868 0 1 1015 0 868 0
0 868 0 1 1015 0 868 0
0 868 0 1 1015 0 868 0
0 868 0 1 1015 0 868 0
0 868 0 1 1015 0 868 0
0 868 0 1 1015 0 868 0
0 868 0 1 132 0 868 0
0 868 0 1 132 0 868 0
0 868 0 1 132 0 868 0
0 868 0 1 132 0 868 0
0 868 0 1 203 0 868 0
0 868 0 1 203 0 868 0
0 868 0 1 203 0 868 0
0 868 0 1 203 0 868 0
0 868 0 1 203 0 868 0
0 868 0 1 203 0 868 0
0 868 0 1 203 0 868 0
0 868 0 1 716 0 868 0
0 868 0 1 716 0 868 0
0 868 0 1 716 0 868 0
0 868 0 1 716 0 868 0
0 868 0 1 716 0 868 0
0 868 0 1 1152 0 868 0
0 868 0 1 1152 0 868 0
0 868 0 1 1152 0 868 0
0 0 1200 1 741 0 0 1200
-1
14 35
0 863 1 1 46 0 863 1
0 863 1 1 46 0 863 1
0 863 1 1 46 0 863 1
0 863 1 1 46 0 863 1
0 863 1 1 46 0 863 1
0 863 1 1 46 0 863 1
0 863 1 1 46 0 863 1
0 863 1 1 46 0 863 1
0 863 1 1 46 0 863 1
0 863 1 1 634 0 863 1
0 863 1 1 634 0 863 1
0 863 1 1 634 0 863 1
0 863 1 1 634 0 863 1
0 863 1 1 634 0 863 1
0 863 1 1 634 0 863 1
0 863 1 1 634 0 863 1
0 863 1 1 634 0 863 1
0 863 1 1 26 0 863 1
0 863 1 1 26 0 863 1
0 863 1 1 26 0 863 1
0 863 1 1 26 0 863 1
0 863 1 1 26 0 863 1
0 863 1 1 626 0 863 1
0 863 1 1 626 0 863 1
0 863 1 1 626 0 863 1
0 863 1 1 626 0 863 1
0 863 1 1 626 0 863 1
0 863 1 1 343 0 863 1
0 863 1 1 1188 0 863 1
0 863 1 1 1188 0 863 1
0 863 1 1 1188 0 863 1
0 863 1 1 1188 0 863 1
0 863 1 1 1188 0 863 1
0 863 1 1 1188 0 863 1
0 863 1 1 1188 0 863 1
-1
15 41
0 727 0 1 195 0 727 0
0 727 0 1 195 0 727 0
0 727 0 1 195 0 727 0
0 727 0 1 195 0 727 0
0 727 0 1 195 0 727 0
0 727 0 1 195 0 727 0
0 727 0 1 195 0 727 0
0 727 0 1 195 0 727 0
0 727 0 1 195 0 727 0
0 727 0 1 195 0 727 0
0 727 0 1 195 0 727 0
0 727 0 1 195 0 727 0
0 727 0 1 195 0 727 0
0 727 0 1 195 0 727 0
0 727 0 1 195 0 727 0
0 727 0 1 195 0 727 0
0 727 0 1 195 0 727 0
0 727 0 1 195 0 727 0
0 727 0 1 960 0 727 0
0 727 0 1 960 0 727 0
0 727 0 1 960 0 727 0
0 727 0 1 960 0 727 0
0 727 0 1 960 0 727 0
0 727 0 1 960 0 727 0
0 727 0 1 960 0 727 0
0 727 0 1 960 0 727 0
0 727 0 1 960 0 727 0
0 727 0 1 960 0 727 0
0 727 0 1 960 0 727 0
0 727 0 1 960 0 727 0
0 727 0 1 960 0 727 0
0 727 0 1 960 0 727 0
0 727 0 1 960 0 727 0
0 727 0 1 583 0 727 0
0 727 0 1 583 0 727 0
0 727 0 1 1018 0 727 0
0 727 0 1 1018 0 727 0
0 727 0 1 1018 0 727 0
0 727 0 1 1018 0 727 0
0 727 0 1 1018 0 727 0
0 146 804 1 960 0 146 804
-1
16 39
0 448 1 1 426 0 448 1
0 448 1 1 426 0 448 1
0 448 1 1 426 0 448 1
0 448 1 1 426 0 448 1
0 448 1 1 741 0 448 1
0 448 1 1 741 0 448 1
0 448 1 1 741 0 448 1
0 448 1 1 741 0 448 1
0 448 1 1 741 0 448 1
0 448 1 1 741 0 448 1
0 448 1 1 1015 0 448 1
0 448 1 1 1015 0 448 1
0 448 1 1 1015 0 448 1
0 448 1 1 1015 0 448 1
0 448 1 1 132 0 448 1
0 448 1 1 132 0 448 1
0 448 1 1 132 0 448 1
0 448 1 1 132 0 448 1
0 448 1 1 132 0 448 1
0 448 1 1 132 0 448 1
0 448 1 1 203 0 448 1
0 448 1 1 716 0 448 1
0 448 1 1 716 0 448 1
0 448 1 1 716 0 448 1
0 448 1 1 716 0 448 1
0 448 1 1 716 0 448 1
0 448 1 1 1152 0 448 1
0 448 1 1 1152 0 448 1
0 448 1 1 1152 0 448 1
0 448 1 1 1152 0 448 1
0 448 1 1 1152 0 448 1
0 448 1 1 1152 0 448 1
0 448 1 1 1152 0 448 1
0 129 442 1 716 0 129 442
0 38 568 1 426 0 38 568
0 0 620 1 426 0 0 620
0 0 620 1 530 0 0 620
0 0 620 1 741 0 0 620
0 0 620 1 741 0 0 620
-1
17 34
0 429 1 1 497 0 429 1
0 429 1 1 497 0 429 1
0 429 1 1 497 0 429 1
0 429 1 1 497 0 429 1
0 429 1 1 497 0 429 1
0 429 1 1 497 0 429 1
0 429 1 1 530 0 429 1
0 429 1 1 530 0 429 1
0 429 1 1 741 0 429 1
0 429 1 1 741 0 429 1
0 429 1 1 741 0 429 1
0 429 1 1 741 0 429 1
0 429 1 1 741 0 429 1
0 429 1 1 847 0 429 1
0 429 1 1 847 0 429 1
0 429 1 1 847 0 429 1
0 429 1 1 699 0 429 1
0 429 1 1 699 0 429 1
0 429 1 1 699 0 429 1
0 429 1 1 132 0 429 1
0 429 1 1 156 0 429 1
0 429 1 1 156 0 429 1
0 429 1 1 156 0 429 1
0 429 1 1 643 0 429 1
0 429 1 1 643 0 429 1
0 429 1 1 643 0 429 1
0 429 1 1 1152 0 429 1
0 429 1 1 1152 0 429 1
0 429 1 1 1152 0 429 1
0 429 1 1 1152 0 429 1
0 429 1 1 1152 0 429 1
0 429 1 1 1188 0 429 1
0 429 1 1 1188 0 429 1
0 60 511 1 847 0 60 511
-1
18 31
0 510 0 1 74 0 510 0
0 510 0 1 74 0 510 0
0 510 0 1 74 0 510 0
0 510 0 1 74 0 510 0
0 510 0 1 74 0 510 0
0 510 0 1 74 0 510 0
0 510 0 1 454 0 510 0
0 510 0 1 454 0 510 0
0 510 0 1 454 0 510 0
0 510 0 1 454 0 510 0
0 510 0 1 454 0 510 0
0 510 0 1 454 0 510 0
0 510 0 1 454 0 510 0
0 510 0 1 454 0 510 0
0 510 0 1 454 0 510 0
0 510 0 1 454 0 510 0
0 510 0 1 454 0 510 0
0 510 0 1 132 0 510 0
0 510 0 1 132 0 510 0
0 510 0 1 132 0 510 0
0 510 0 1 132 0 510 0
0 510 0 1 132 0 510 0
0 510 0 1 132 0 510 0
0 510 0 1 162 0 510 0
0 510 0 1 162 0 510 0
0 510 0 1 162 0 510 0
0 510 0 1 162 0 510 0
0 510 0 1 162 0 510 0
0 510 0 1 162 0 510 0
0 510 0 1 162 0 510 0
0 510 0 1 162 0 510 0
-1
19 41
0 255 0 1 195 0 255 0
0 255 0 1 195 0 255 0
0 255 0 1 195 0 255 0
0 255 0 1 195 0 255 0
0 255 0 1 195 0 255 0
0 255 0 1 195 0 255 0
0 255 0 1 195 0 255 0
0 255 0 1 195 0 255 0
0 255 0 1 195 0 255 0
0 255 0 1 195 0 255 0
0 255 0 1 195 0 255 0
0 255 0 1 195 0 255 0
0 255 0 1 195 0 255 0
0 255 0 1 195 0 255 0
0 255 0 1 195 0 255 0
0 255 0 1 195 0 255 0
0 255 0 1 195 0 255 0
0 255 0 1 960 0 255 0
0 255 0 1 960 0 255 0
0 255 0 1 960 0 255 0
0 255 0 1 960 0 255 0
0 255 0 1 960 0 255 0
0 255 0 1 960 0 255 0
0 255 0 1 960 0 255 0
0 255 0 1 960 0 255 0
0 255 0 1 960 0 255 0
0 255 0 1 960 0 255 0
0 255 0 1 960 0 255 0
0 255 0 1 960 0 255 0
0 255 0 1 960 0 255 0
0 255 0 1 960 0 255 0
0 255 0 1 960 0 255 0
0 255 0 1 960 0 255 0
0 255 0 1 960 0 255 0
0 255 0 1 1018 0 255 0
0 255 0 1 1018 0 255 0
0 255 0 1 1018 0 255 0
0 255 0 1 1018 0 255 0
0 255 0 1 1018 0 255 0
0 255 0 1 1018 0 255 0
0 255 0 1 1018 0 255 0
-1
20 35
0 1021 0 1 497 0 1021 0
0 1021 0 1 497 0 1021 0
0 1021 0 1 497 0 1021 0
0 1021 0 1 497 0 1021 0
0 1021 0 1 497 0 1021 0
0 1021 0 1 426 0 1021 0
0 1021 0 1 426 0 1021 0
0 1021 0 1 426 0 1021 0
0 1021 0 1 530 0 1021 0
0 1021 0 1 530 0 1021 0
0 1021 0 1 530 0 1021 0
0 1021 0 1 741 0 1021 0
0 1021 0 1 741 0 1021 0
0 1021 0 1 741 0 1021 0
0 1021 0 1 741 0 1021 0
0 1021 0 1 847 0 1021 0
0 1021 0 1 847 0 1021 0
0 1021 0 1 847 0 1021 0
0 1021 0 1 847 0 1021 0
0 1021 0 1 847 0 1021 0
0 1021 0 1 847 0 1021 0
0 1021 0 1 1015 0 1021 0
0 1021 0 1 699 0 1021 0
0 1021 0 1 156 0 1021 0
0 1021 0 1 643 0 1021 0
0 1021 0 1 643 0 1021 0
0 1021 0 1 643 0 1021 0
0 1021 0 1 1152 0 1021 0
0 1021 0 1 1152 0 1021 0
0 1021 0 1 1152 0 1021 0
0 1021 0 1 1188 0 1021 0
0 1021 0 1 1188 0 1021 0
0 1021 0 1 1188 0 1021 0
0 1021 0 1 1188 0 1021 0
0 1021 0 1 1188 0 1021 0
-1
21 33
0 459 0 1 419 0 459 0
0 459 0 1 419 0 459 0
0 459 0 1 419 0 459 0
0 459 0 1 419 0 459 0
0 459 0 1 426 0 459 0
0 459 0 1 426 0 459 0
0 459 0 1 426 0 459 0
0 459 0 1 530 0 459 0
0 459 0 1 741 0 459 0
0 459 0 1 741 0 459 0
0 459 0 1 741 0 459 0
0 459 0 1 613 0 459 0
0 459 0 1 613 0 459 0
0 459 0 1 613 0 459 0
0 459 0 1 613 0 459 0
0 459 0 1 613 0 459 0
0 459 0 1 613 0 459 0
0 459 0 1 613 0 459 0
0 459 0 1 613 0 459 0
0 459 0 1 613 0 459 0
0 459 0 1 613 0 459 0
0 459 0 1 613 0 459 0
0 459 0 1 613 0 459 0
0 459 0 1 716 0 459 0
0 459 0 1 716 0 459 0
0 459 0 1 716 0 459 0
0 459 0 1 873 0 459 0
0 459 0 1 873 0 459 0
0 459 0 1 873 0 459 0
0 459 0 1 873 0 459 0
0 459 0 1 873 0 459 0
0 459 0 1 873 0 459 0
0 78 527 1 530 0 78 527
-1
22 69
0 572 0 1 1159 0 572 0
0 572 0 1 1159 0 572 0
0 572 0 1 1159 0 572 0
0 572 0 1 1159 0 572 0
0 572 0 1 1159 0 572 0
0 572 0 1 1159 0 572 0
0 572 0 1 1159 0 572 0
0 572 0 1 1159 0 572 0
0 572 0 1 1159 0 572 0
0 572 0 1 1159 0 572 0
0 572 0 1 1159 0 572 0
0 572 0 1 1159 0 572 0
0 572 0 1 1159 0 572 0
0 572 0 1 1159 0 572 0
0 572 0 1 1159 0 572 0
0 572 0 1 1159 0 572 0
0 572 0 1 1159 0 572 0
0 572 0 1 225 0 572 0
0 572 0 1 225 0 572 0
0 572 0 1 225 0 572 0
0 572 0 1 225 0 572 0
0 572 0 1 225 0 572 0
0 572 0 1 225 0 572 0
0 572 0 1 225 0 572 0
0 572 0 1 225 0 572 0
0 572 0 1 225 0 572 0
0 572 0 1 225 0 572 0
0 572 0 1 225 0 572 0
0 572 0 1 323 0 572 0
0 572 0 1 323 0 572 0
0 572 0 1 323 0 572 0
0 572 0 1 323 0 572 0
0 572 0 1 323 0 572 0
0 572 0 1 323 0 572 0
0 572 0 1 323 0 572 0
0 572 0 1 323 0 572 0
0 572 0 1 323 0 572 0
0 572 0 1 323 0 572 0
0 572 0 1 323 0 572 0
0 572 0 1 323 0 572 0
0 572 0 1 323 0 572 0
0 572 0 1 323 0 572 0
0 572 0 1 323 0 572 0
0 572 0 1 323 0 572 0
0 572 0 1 323 0 572 0
0 572 0 1 323 0 572 0
0 572 0 1 323 0 572 0
0 572 0 1 323 0 572 0
0 572 0 1 323 0 572 0
0 572 0 1 323 0 572 0
0 572 0 1 323 0 572 0
0 572 0 1 323 0 572 0
0 572 0 1 323 0 572 0
0 572 0 1 323 0 572 0
0 572 0 1 323 0 572 0
0 572 0 1 323 0 572 0
0 572 0 1 323 0 572 0
0 572 0 1 323 0 572 0
0 572 0 1 323 0 572 0
0 572 0 1 323 0 572 0
0 572 0 1 997 0 572 0
0 572 0 1 997 0 572 0
0 572 0 1 997 0 572 0
0 572 0 1 997 0 572 0
0 572 0 1 997 0 572 0
0 572 0 1 997 0 572 0
0 572 0 1 997 0 572 0
0 383 261 1 1159 0 383 261
0 0 791 1 1159 0 0 791
-1
23 35
0 987 0 1 46 0 987 0
0 987 0 1 46 0 987 0
0 987 0 1 46 0 987 0
0 987 0 1 46 0 987 0
0 987 0 1 46 0 987 0
0 987 0 1 46 0 987 0
0 987 0 1 46 0 987 0
0 987 0 1 46 0 987 0
0 987 0 1 46 0 987 0
0 987 0 1 46 0 987 0
0 987 0 1 46 0 987 0
0 987 0 1 46 0 987 0
0 987 0 1 634 0 987 0
0 987 0 1 634 0 987 0
0 987 0 1 634 0 987 0
0 987 0 1 26 0 987 0
0 987 0 1 26 0 987 0
0 987 0 1 26 0 987 0
0 987 0 1 26 0 987 0
0 987 0 1 626 0 987 0
0 987 0 1 626 0 987 0
0 987 0 1 626 0 987 0
0 987 0 1 626 0 987 0
0 987 0 1 626 0 987 0
0 987 0 1 643 0 987 0
0 987 0 1 643 0 987 0
0 987 0 1 643 0 987 0
0 987 0 1 643 0 987 0
0 987 0 1 643 0 987 0
0 987 0 1 643 0 987 0
0 987 0 1 643 0 987 0
0 987 0 1 1188 0 987 0
0 987 0 1 1188 0 987 0
0 285 970 1 46 0 285 970
0 0 1364 1 46 0 0 1364
-1
24 31
0 995 1 1 190 0 995 1
0 995 1 1 190 0 995 1
0 995 1 1 190 0 995 1
0 995 1 1 190 0 995 1
0 995 1 1 798 0 995 1
0 995 1 1 798 0 995 1
0 995 1 1 1029 0 995 1
0 995 1 1 1029 0 995 1
0 995 1 1 1029 0 995 1
0 995 1 1 1029 0 995 1
0 995 1 1 1109 0 995 1
0 995 1 1 1109 0 995 1
0 995 1 1 1109 0 995 1
0 995 1 1 1109 0 995 1
0 995 1 1 1109 0 995 1
0 995 1 1 806 0 995 1
0 995 1 1 806 0 995 1
0 995 1 1 806 0 995 1
0 995 1 1 806 0 995 1
0 995 1 1 806 0 995 1
0 995 1 1 806 0 995 1
0 995 1 1 806 0 995 1
0 995 1 1 806 0 995 1
0 995 1 1 10 0 995 1
0 995 1 1 10 0 995 1
0 995 1 1 10 0 995 1
0 995 1 1 583 0 995 1
0 995 1 1 583 0 995 1
0 995 1 1 583 0 995 1
0 995 1 1 583 0 995 1
0 995 1 1 501 0 995 1
-1
25 57
0 308 0 1 1090 0 308 0
0 308 0 1 1090 0 308 0
0 308 0 1 1090 0 308 0
0 308 0 1 1090 0 308 0
0 308 0 1 1090 0 308 0
0 308 0 1 1090 0 308 0
0 308 0 1 1090 0 308 0
0 308 0 1 1090 0 308 0
0 308 0 1 1090 0 308 0
0 308 0 1 1090 0 308 0
0 308 0 1 1090 0 308 0
0 308 0 1 1090 0 308 0
0 308 0 1 1090 0 308 0
0 308 0 1 1090 0 308 0
0 308 0 1 1090 0 308 0
0 308 0 1 1090 0 308 0
0 308 0 1 20 0 308 0
0 308 0 1 20 0 308 0
0 308 0 1 20 0 308 0
0 308 0 1 20 0 308 0
0 308 0 1 20 0 308 0
0 308 0 1 20 0 308 0
0 308 0 1 20 0 308 0
0 308 0 1 20 0 308 0
0 308 0 1 20 0 308 0
0 308 0 1 20 0 308 0
0 308 0 1 20 0 308 0
0 308 0 1 20 0 308 0
0 308 0 1 20 0 308 0
0 308 0 1 20 0 308 0
0 308 0 1 1052 0 308 0
0 308 0 1 1052 0 308 0
0 308 0 1 1052 0 308 0
0 308 0 1 1052 0 308 0
0 308 0 1 1052 0 308 0
0 308 0 1 585 0 308 0
0 308 0 1 585 0 308 0
0 308 0 1 585 0 308 0
0 308 0 1 585 0 308 0
0 308 0 1 585 0 308 0
0 308 0 1 585 0 308 0
0 308 0 1 585 0 308 0
0 308 0 1 585 0 308 0
0 308 0 1 585 0 308 0
0 308 0 1 585 0 308 0
0 308 0 1 585 0 308 0
0 308 0 1 585 0 308 0
0 308 0 1 1199 0 308 0
0 308 0 1 1199 0 308 0
0 308 0 1 1199 0 308 0
0 308 0 1 1199 0 308 0
0 308 0 1 1199 0 308 0
0 308 0 1 1199 0 308 0
0 308 0 1 1199 0 308 0
0 308 0 1 1199 0 308 0
0 308 0 1 1199 0 308 0
0 267 57 1 20 0 267 57
-1
26 42
0 774 0 1 343 0 774 0
0 774 0 1 343 0 774 0
0 774 0 1 343 0 774 0
0 774 0 1 343 0 774 0
0 774 0 1 343 0 774 0
0 774 0 1 343 0 774 0
0 774 0 1 343 0 774 0
0 774 0 1 343 0 774 0
0 774 0 1 343 0 774 0
0 774 0 1 343 0 774 0
0 774 0 1 343 0 774 0
0 774 0 1 343 0 774 0
0 774 0 1 343 0 774 0
0 774 0 1 343 0 774 0
0 774 0 1 343 0 774 0
0 774 0 1 343 0 774 0
0 774 0 1 343 0 774 0
0 774 0 1 343 0 774 0
0 774 0 1 343 0 774 0
0 774 0 1 343 0 774 0
0 774 0 1 343 0 774 0
0 774 0 1 343 0 774 0
0 774 0 1 343 0 774 0
0 774 0 1 343 0 774 0
0 774 0 1 343 0 774 0
0 774 0 1 343 0 774 0
0 774 0 1 343 0 774 0
0 774 0 1 343 0 774 0
0 774 0 1 281 0 774 0
0 774 0 1 281 0 774 0
0 774 0 1 281 0 774 0
0 774 0 1 281 0 774 0
0 774 0 1 281 0 774 0
0 774 0 1 281 0 774 0
0 774 0 1 583 0 774 0
0 774 0 1 583 0 774 0
0 774 0 1 583 0 774 0
0 774 0 1 583 0 774 0
0 774 0 1 583 0 774 0
0 774 0 1 1195 0 774 0
0 774 0 1 1018 0 774 0
0 489 394 1 1195 0 489 394
-1
27 34
0 355 0 1 190 0 355 0
0 355 0 1 190 0 355 0
0 355 0 1 190 0 355 0
0 355 0 1 190 0 355 0
0 355 0 1 190 0 355 0
0 355 0 1 190 0 355 0
0 355 0 1 190 0 355 0
0 355 0 1 798 0 355 0
0 355 0 1 798 0 355 0
0 355 0 1 798 0 355 0
0 355 0 1 1029 0 355 0
0 355 0 1 1029 0 355 0
0 355 0 1 1029 0 355 0
0 355 0 1 1029 0 355 0
0 355 0 1 1029 0 355 0
0 355 0 1 1029 0 355 0
0 355 0 1 1109 0 355 0
0 355 0 1 1109 0 355 0
0 355 0 1 1109 0 355 0
0 355 0 1 1109 0 355 0
0 355 0 1 296 0 355 0
0 355 0 1 296 0 355 0
0 355 0 1 296 0 355 0
0 355 0 1 296 0 355 0
0 355 0 1 806 0 355 0
0 355 0 1 806 0 355 0
0 355 0 1 806 0 355 0
0 355 0 1 806 0 355 0
0 355 0 1 806 0 355 0
0 355 0 1 10 0 355 0
0 355 0 1 10 0 355 0
0 355 0 1 583 0 355 0
0 355 0 1 583 0 355 0
0 355 0 1 583 0 355 0
-1
28 35
0 470 0 1 190 0 470 0
0 470 0 1 190 0 470 0
0 470 0 1 190 0 470 0
0 470 0 1 190 0 470 0
0 470 0 1 798 0 470 0
0 470 0 1 798 0 470 0
0 470 0 1 798 0 470 0
0 470 0 1 798 0 470 0
0 470 0 1 798 0 470 0
0 470 0 1 798 0 470 0
0 470 0 1 1029 0 470 0
0 470 0 1 1029 0 470 0
0 470 0 1 1029 0 470 0
0 470 0 1 1029 0 470 0
0 470 0 1 1029 0 470 0
0 470 0 1 1029 0 470 0
0 470 0 1 1029 0 470 0
0 470 0 1 1109 0 470 0
0 470 0 1 1109 0 470 0
0 470 0 1 1109 0 470 0
0 470 0 1 1109 0 470 0
0 470 0 1 1109 0 470 0
0 470 0 1 296 0 470 0
0 470 0 1 806 0 470 0
0 470 0 1 806 0 470 0
0 470 0 1 10 0 470 0
0 470 0 1 583 0 470 0
0 470 0 1 1195 0 470 0
0 470 0 1 1195 0 470 0
0 470 0 1 1195 0 470 0
0 470 0 1 1195 0 470 0
0 470 0 1 501 0 470 0
0 470 0 1 501 0 470 0
0 183 397 1 1029 0 183 397
0 0 650 1 190 0 0 650
-1
29 33
0 842 0 1 419 0 842 0
0 842 0 1 419 0 842 0
0 842 0 1 419 0 842 0
0 842 0 1 419 0 842 0
0 842 0 1 419 0 842 0
0 842 0 1 426 0 842 0
0 842 0 1 426 0 842 0
0 842 0 1 530 0 842 0
0 842 0 1 741 0 842 0
0 842 0 1 741 0 842 0
0 842 0 1 741 0 842 0
0 842 0 1 741 0 842 0
0 842 0 1 613 0 842 0
0 842 0 1 613 0 842 0
0 842 0 1 613 0 842 0
0 842 0 1 613 0 842 0
0 842 0 1 613 0 842 0
0 842 0 1 613 0 842 0
0 842 0 1 613 0 842 0
0 842 0 1 613 0 842 0
0 842 0 1 613 0 842 0
0 842 0 1 613 0 842 0
0 842 0 1 613 0 842 0
0 842 0 1 716 0 842 0
0 842 0 1 716 0 842 0
0 842 0 1 716 0 842 0
0 842 0 1 716 0 842 0
0 842 0 1 873 0 842 0
0 842 0 1 873 0 842 0
0 842 0 1 873 0 842 0
0 842 0 1 873 0 842 0
0 842 0 1 1171 0 842 0
0 842 0 1 1171 0 842 0
-1
30 31
0 600 0 1 419 0 600 0
0 600 0 1 419 0 600 0
0 600 0 1 426 0 600 0
0 600 0 1 426 0 600 0
0 600 0 1 530 0 600 0
0 600 0 1 530 0 600 0
0 600 0 1 741 0 600 0
0 600 0 1 741 0 600 0
0 600 0 1 741 0 600 0
0 600 0 1 613 0 600 0
0 600 0 1 613 0 600 0
0 600 0 1 613 0 600 0
0 600 0 1 613 0 600 0
0 600 0 1 613 0 600 0
0 600 0 1 613 0 600 0
0 600 0 1 613 0 600 0
0 600 0 1 613 0 600 0
0 600 0 1 613 0 600 0
0 600 0 1 203 0 600 0
0 600 0 1 716 0 600 0
0 600 0 1 716 0 600 0
0 600 0 1 716 0 600 0
0 600 0 1 716 0 600 0
0 600 0 1 716 0 600 0
0 600 0 1 873 0 600 0
0 600 0 1 873 0 600 0
0 600 0 1 873 0 600 0
0 600 0 1 873 0 600 0
0 600 0 1 873 0 600 0
0 600 0 1 873 0 600 0
0 184 575 1 1015 0 184 575
-1
31 45
0 244 0 1 195 0 244 0
0 244 0 1 195 0 244 0
0 244 0 1 195 0 244 0
0 244 0 1 195 0 244 0
0 244 0 1 195 0 244 0
0 244 0 1 195 0 244 0
0 244 0 1 195 0 244 0
0 244 0 1 195 0 244 0
0 244 0 1 195 0 244 0
0 244 0 1 195 0 244 0
0 244 0 1 195 0 244 0
0 244 0 1 195 0 244 0
0 244 0 1 195 0 244 0
0 244 0 1 195 0 244 0
0 244 0 1 195 0 244 0
0 244 0 1 195 0 244 0
0 244 0 1 195 0 244 0
0 244 0 1 195 0 244 0
0 244 0 1 195 0 244 0
0 244 0 1 960 0 244 0
0 244 0 1 960 0 244 0
0 244 0 1 960 0 244 0
0 244 0 1 960 0 244 0
0 244 0 1 960 0 244 0
0 244 0 1 960 0 244 0
0 244 0 1 960 0 244 0
0 244 0 1 960 0 244 0
0 244 0 1 960 0 244 0
0 244 0 1 960 0 244 0
0 244 0 1 960 0 244 0
0 244 0 1 960 0 244 0
0 244 0 1 960 0 244 0
0 244 0 1 960 0 244 0
0 244 0 1 960 0 244 0
0 244 0 1 960 0 244 0
0 244 0 1 960 0 244 0
0 244 0 1 960 0 244 0
0 244 0 1 960 0 244 0
0 244 0 1 960 0 244 0
0 244 0 1 960 0 244 0
0 244 0 1 960 0 244 0
0 244 0 1 583 0 244 0
0 244 0 1 1018 0 244 0
0 244 0 1 1018 0 244 0
0 244 0 1 1018 0 244 0
-1
32 48
0 1023 0 1 752 0 1023 0
0 1023 0 1 752 0 1023 0
0 1023 0 1 752 0 1023 0
0 1023 0 1 752 0 1023 0
0 1023 0 1 752 0 1023 0
0 1023 0 1 752 0 1023 0
0 1023 0 1 752 0 1023 0
0 1023 0 1 752 0 1023 0
0 1023 0 1 752 0 1023 0
0 1023 0 1 752 0 1023 0
0 1023 0 1 752 0 1023 0
0 1023 0 1 752 0 1023 0
0 1023 0 1 752 0 1023 0
0 1023 0 1 752 0 1023 0
0 1023 0 1 752 0 1023 0
0 1023 0 1 752 0 1023 0
0 1023 0 1 752 0 1023 0
0 1023 0 1 752 0 1023 0
0 1023 0 1 752 0 1023 0
0 1023 0 1 752 0 1023 0
0 1023 0 1 752 0 1023 0
0 1023 0 1 752 0 1023 0
0 1023 0 1 203 0 1023 0
0 1023 0 1 203 0 1023 0
0 1023 0 1 203 0 1023 0
0 1023 0 1 806 0 1023 0
0 1023 0 1 806 0 1023 0
0 1023 0 1 281 0 1023 0
0 1023 0 1 281 0 1023 0
0 1023 0 1 281 0 1023 0
0 1023 0 1 583 0 1023 0
0 1023 0 1 583 0 1023 0
0 1023 0 1 583 0 1023 0
0 1023 0 1 1195 0 1023 0
0 1023 0 1 668 0 1023 0
0 1023 0 1 668 0 1023 0
0 1023 0 1 668 0 1023 0
0 1023 0 1 668 0 1023 0
0 1023 0 1 501 0 1023 0
0 1023 0 1 501 0 1023 0
0 1023 0 1 501 0 1023 0
0 1023 0 1 501 0 1023 0
0 1023 0 1 501 0 1023 0
0 1023 0 1 501 0 1023 0
0 1023 0 1 958 0 1023 0
0 99 1277 1 806 0 99 1277
0 79 1305 1 752 0 79 1305
0 0 1414 2 752 0 0 1227 203 0 0 187
-1
33 35
0 478 1 1 74 0 478 1
0 478 1 1 74 0 478 1
0 478 1 1 74 0 478 1
0 478 1 1 74 0 478 1
0 478 1 1 74 0 478 1
0 478 1 1 74 0 478 1
0 478 1 1 74 0 478 1
0 478 1 1 318 0 478 1
0 478 1 1 318 0 478 1
0 478 1 1 318 0 478 1
0 478 1 1 318 0 478 1
0 478 1 1 318 0 478 1
0 478 1 1 318 0 478 1
0 478 1 1 605 0 478 1
0 478 1 1 605 0 478 1
0 478 1 1 605 0 478 1
0 478 1 1 605 0 478 1
0 478 1 1 605 0 478 1
0 478 1 1 605 0 478 1
0 478 1 1 605 0 478 1
0 478 1 1 605 0 478 1
0 478 1 1 605 0 478 1
0 478 1 1 605 0 478 1
0 478 1 1 605 0 478 1
0 478 1 1 225 0 478 1
0 478 1 1 225 0 478 1
0 478 1 1 225 0 478 1
0 478 1 1 225 0 478 1
0 478 1 1 225 0 478 1
0 478 1 1 225 0 478 1
0 478 1 1 225 0 478 1
0 478 1 1 225 0 478 1
0 132 479 1 318 0 132 479
0 42 603 1 74 0 42 603
0 0 448 1 74 0 0 448
-1
34 37
0 523 0 1 46 0 523 0
0 523 0 1 46 0 523 0
0 523 0 1 46 0 523 0
0 523 0 1 46 0 523 0
0 523 0 1 46 0 523 0
0 523 0 1 46 0 523 0
0 523 0 1 46 0 523 0
0 523 0 1 46 0 523 0
0 523 0 1 46 0 523 0
0 523 0 1 46 0 523 0
0 523 0 1 46 0 523 0
0 523 0 1 46 0 523 0
0 523 0 1 634 0 523 0
0 523 0 1 634 0 523 0
0 523 0 1 634 0 523 0
0 523 0 1 634 0 523 0
0 523 0 1 26 0 523 0
0 523 0 1 26 0 523 0
0 523 0 1 26 0 523 0
0 523 0 1 26 0 523 0
0 523 0 1 26 0 523 0
0 523 0 1 26 0 523 0
0 523 0 1 26 0 523 0
0 523 0 1 26 0 523 0
0 523 0 1 626 0 523 0
0 523 0 1 626 0 523 0
0 523 0 1 626 0 523 0
0 523 0 1 626 0 523 0
0 523 0 1 626 0 523 0
0 523 0 1 626 0 523 0
0 523 0 1 626 0 523 0
0 523 0 1 643 0 523 0
0 523 0 1 643 0 523 0
0 523 0 1 1188 0 523 0
0 523 0 1 1188 0 523 0
0 523 0 1 1188 0 523 0
0 409 158 1 634 0 409 158
-1
35 91
0 231 1 1 207 0 231 1
0 231 1 1 207 0 231 1
0 231 1 1 207 0 231 1
0 231 1 1 207 0 231 1
0 231 1 1 207 0 231 1
0 231 1 1 207 0 231 1
0 231 1 1 207 0 231 1
0 231 1 1 207 0 231 1
0 231 1 1 207 0 231 1
0 231 1 1 207 0 231 1
0 231 1 1 207 0 231 1
0 231 1 1 207 0 231 1
0 231 1 1 207 0 231 1
0 231 1 1 207 0 231 1
0 231 1 1 207 0 231 1
0 231 1 1 207 0 231 1
0 231 1 1 207 0 231 1
0 231 1 1 207 0 231 1
0 231 1 1 207 0 231 1
0 231 1 1 207 0 231 1
0 231 1 1 207 0 231 1
0 231 1 1 207 0 231 1
0 231 1 1 1052 0 231 1
0 231 1 1 1052 0 231 1
0 231 1 1 1052 0 231 1
0 231 1 1 1052 0 231 1
0 231 1 1 1052 0 231 1
0 231 1 1 1052 0 231 1
0 231 1 1 1052 0 231 1
0 231 1 1 1052 0 231 1
0 231 1 1 1052 0 231 1
0 231 1 1 1052 0 231 1
0 231 1 1 1052 0 231 1
0 231 1 1 585 0 231 1
0 231 1 1 585 0 231 1
0 231 1 1 585 0 231 1
0 231 1 1 585 0 231 1
0 231 1 1 585 0 231 1
0 231 1 1 585 0 231 1
0 231 1 1 585 0 231 1
0 231 1 1 585 0 231 1
0 231 1 1 585 0 231 1
0 231 1 1 585 0 231 1
0 231 1 1 585 0 231 1
0 231 1 1 585 0 231 1
0 231 1 1 585 0 231 1
0 231 1 1 585 0 231 1
0 231 1 1 585 0 231 1
0 231 1 1 585 0 231 1
0 231 1 1 585 0 231 1
0 231 1 1 585 0 231 1
0 231 1 1 585 0 231 1
0 231 1 1 585 0 231 1
0 231 1 1 585 0 231 1
0 231 1 1 1199 0 231 1
0 231 1 1 1199 0 231 1
0 231 1 1 1199 0 231 1
0 231 1 1 1199 0 231 1
0 231 1 1 1199 0 231 1
0 231 1 1 1199 0 231 1
0 231 1 1 1199 0 231 1
0 231 1 1 1199 0 231 1
0 231 1 1 1199 0 231 1
0 231 1 1 1199 0 231 1
0 231 1 1 1199 0 231 1
0 231 1 1 1199 0 231 1
0 231 1 1 1199 0 231 1
0 231 1 1 1199 0 231 1
0 231 1 1 1199 0 231 1
0 231 1 1 1199 0 231 1
0 231 1 1 1199 0 231 1
0 231 1 1 1199 0 231 1
0 231 1 1 1088 0 231 1
0 231 1 1 1088 0 231 1
0 231 1 1 1088 0 231 1
0 231 1 1 1088 0 231 1
0 204 38 1 1052 0 204 38
0 183 67 1 585 0 183 67
0 36 270 1 1199 0 36 270
0 6 312 1 207 0 6 312
0 0 320 1 207 0 0 320
0 0 320 1 207 0 0 320
0 0 320 1 207 0 0 320
0 0 320 1 207 0 0 320
0 0 320 1 207 0 0 320
0 0 320 1 207 0 0 320
0 0 320 1 207 0 0 320
0 0 320 1 1052 0 0 320
0 0 320 1 1052 0 0 320
0 0 320 1 1052 0 0 320
0 0 320 1 1052 0 0 320
-1
36 35
0 402 0 1 497 0 402 0
0 402 0 1 497 0 402 0
0 402 0 1 497 0 402 0
0 402 0 1 497 0 402 0
0 402 0 1 497 0 402 0
0 402 0 1 530 0 402 0
0 402 0 1 741 0 402 0
0 402 0 1 741 0 402 0
0 402 0 1 847 0 402 0
0 402 0 1 847 0 402 0
0 402 0 1 847 0 402 0
0 402 0 1 847 0 402 0
0 402 0 1 847 0 402 0
0 402 0 1 847 0 402 0
0 402 0 1 847 0 402 0
0 402 0 1 1015 0 402 0
0 402 0 1 1015 0 402 0
0 402 0 1 699 0 402 0
0 402 0 1 699 0 402 0
0 402 0 1 699 0 402 0
0 402 0 1 699 0 402 0
0 402 0 1 132 0 402 0
0 402 0 1 156 0 402 0
0 402 0 1 156 0 402 0
0 402 0 1 156 0 402 0
0 402 0 1 156 0 402 0
0 402 0 1 643 0 402 0
0 402 0 1 643 0 402 0
0 402 0 1 643 0 402 0
0 402 0 1 643 0 402 0
0 402 0 1 1152 0 402 0
0 402 0 1 1152 0 402 0
0 76 450 1 497 0 76 450
0 59 474 1 741 0 59 474
0 0 555 1 497 0 0 555
-1
37 32
0 1036 0 1 190 0 1036 0
0 1036 0 1 190 0 1036 0
0 1036 0 1 190 0 1036 0
0 1036 0 1 190 0 1036 0
0 1036 0 1 190 0 1036 0
0 1036 0 1 798 0 1036 0
0 1036 0 1 798 0 1036 0
0 1036 0 1 798 0 1036 0
0 1036 0 1 1029 0 1036 0
0 1036 0 1 1029 0 1036 0
0 1036 0 1 1029 0 1036 0
0 1036 0 1 1029 0 1036 0
0 1036 0 1 1029 0 1036 0
0 1036 0 1 1109 0 1036 0
0 1036 0 1 1109 0 1036 0
0 1036 0 1 1109 0 1036 0
0 1036 0 1 806 0 1036 0
0 1036 0 1 806 0 1036 0
0 1036 0 1 10 0 1036 0
0 1036 0 1 10 0 1036 0
0 1036 0 1 10 0 1036 0
0 1036 0 1 583 0 1036 0
0 1036 0 1 583 0 1036 0
0 1036 0 1 583 0 1036 0
0 1036 0 1 583 0 1036 0
0 1036 0 1 1195 0 1036 0
0 1036 0 1 1195 0 1036 0
0 1036 0 1 1195 0 1036 0
0 1036 0 1 1195 0 1036 0
0 1036 0 1 501 0 1036 0
0 288 1034 1 1109 0 288 1034
0 89 1309 1 190 0 89 1309
-1
38 59
0 938 0 1 1090 0 938 0
0 938 0 1 1090 0 938 0
0 938 0 1 1090 0 938 0
0 938 0 1 1090 0 938 0
0 938 0 1 1090 0 938 0
0 938 0 1 1090 0 938 0
0 938 0 1 1090 0 938 0
0 938 0 1 1090 0 938 0
0 938 0 1 1090 0 938 0
0 938 0 1 1090 0 938 0
0 938 0 1 1090 0 938 0
0 938 0 1 1090 0 938 0
0 938 0 1 1090 0 938 0
0 938 0 1 1090 0 938 0
0 938 0 1 1090 0 938 0
0 938 0 1 1090 0 938 0
0 938 0 1 20 0 938 0
0 938 0 1 20 0 938 0
0 938 0 1 20 0 938 0
0 938 0 1 20 0 938 0
0 938 0 1 20 0 938 0
0 938 0 1 20 0 938 0
0 938 0 1 20 0 938 0
0 938 0 1 20 0 938 0
0 938 0 1 20 0 938 0
0 938 0 1 20 0 938 0
0 938 0 1 1052 0 938 0
0 938 0 1 1052 0 938 0
0 938 0 1 1052 0 938 0
0 938 0 1 1052 0 938 0
0 938 0 1 1052 0 938 0
0 938 0 1 1052 0 938 0
0 938 0 1 1052 0 938 0
0 938 0 1 1052 0 938 0
0 938 0 1 1052 0 938 0
0 938 0 1 1052 0 938 0
0 938 0 1 585 0 938 0
0 938 0 1 585 0 938 0
0 938 0 1 585 0 938 0
0 938 0 1 585 0 938 0
0 938 0 1 585 0 938 0
0 938 0 1 585 0 938 0
0 938 0 1 585 0 938 0
0 938 0 1 585 0 938 0
0 938 0 1 585 0 938 0
0 938 0 1 1199 0 938 0
0 938 0 1 1199 0 938 0
0 938 0 1 1199 0 938 0
0 938 0 1 1199 0 938 0
0 938 0 1 1199 0 938 0
0 938 0 1 1199 0 938 0
0 938 0 1 1199 0 938 0
0 938 0 1 1199 0 938 0
0 938 0 1 1199 0 938 0
0 938 0 1 1199 0 938 0
0 938 0 1 1199 0 938 0
0 938 0 1 1199 0 938 0
0 44 1236 1 1090 0 44 1236
0 0 984 1 1090 0 0 984
-1
39 35
251 188 1 1 74 251 188 1
251 188 1 1 74 251 188 1
251 188 1 1 74 251 188 1
251 188 1 1 74 251 188 1
251 188 1 1 74 251 188 1
251 188 1 1 74 251 188 1
251 188 1 1 74 251 188 1
251 188 1 1 74 251 188 1
251 188 1 1 74 251 188 1
251 188 1 1 318 251 188 1
251 188 1 1 318 251 188 1
251 188 1 1 318 251 188 1
251 188 1 1 318 251 188 1
251 188 1 1 318 251 188 1
251 188 1 1 318 251 188 1
251 188 1 1 318 251 188 1
251 188 1 1 605 251 188 1
251 188 1 1 605 251 188 1
251 188 1 1 605 251 188 1
251 188 1 1 605 251 188 1
251 188 1 1 605 251 188 1
251 188 1 1 605 251 188 1
251 188 1 1 225 251 188 1
251 188 1 1 225 251 188 1
251 188 1 1 225 251 188 1
251 188 1 1 225 251 188 1
251 188 1 1 225 251 188 1
251 188 1 1 225 251 188 1
251 188 1 1 225 251 188 1
251 188 1 1 873 251 188 1
251 188 1 1 873 251 188 1
251 188 1 1 873 251 188 1
251 188 1 1 873 251 188 1
251 188 1 1 1171 251 188 1
77 0 373 1 419 77 0 373
-1
40 41
0 810 0 1 74 0 810 0
0 810 0 1 74 0 810 0
0 810 0 1 74 0 810 0
0 810 0 1 74 0 810 0
0 810 0 1 74 0 810 0
0 810 0 1 318 0 810 0
0 810 0 1 318 0 810 0
0 810 0 1 318 0 810 0
0 810 0 1 318 0 810 0
0 810 0 1 318 0 810 0
0 810 0 1 318 0 810 0
0 810 0 1 318 0 810 0
0 810 0 1 318 0 810 0
0 810 0 1 318 0 810 0
0 810 0 1 318 0 810 0
0 810 0 1 605 0 810 0
0 810 0 1 605 0 810 0
0 810 0 1 605 0 810 0
0 810 0 1 605 0 810 0
0 810 0 1 605 0 810 0
0 810 0 1 605 0 810 0
0 810 0 1 605 0 810 0
0 810 0 1 605 0 810 0
0 810 0 1 605 0 810 0
0 810 0 1 605 0 810 0
0 810 0 1 605 0 810 0
0 810 0 1 605 0 810 0
0 810 0 1 225 0 810 0
0 810 0 1 225 0 810 0
0 810 0 1 225 0 810 0
0 810 0 1 225 0 810 0
0 810 0 1 225 0 810 0
0 810 0 1 225 0 810 0
0 810 0 1 225 0 810 0
0 810 0 1 225 0 810 0
0 810 0 1 225 0 810 0
0 810 0 1 873 0 810 0
0 810 0 1 873 0 810 0
0 810 0 1 873 0 810 0
0 810 0 1 1171 0 810 0
0 810 0 1 1171 0 810 0
-1
