1 11
35 366 4 1 3 35 366 4
35 366 4 1 3 35 366 4
35 366 4 1 3 35 366 4
35 366 4 1 3 35 366 4
35 366 4 1 3 35 366 4
35 366 4 1 3 35 366 4
35 366 4 1 3 35 366 4
35 366 4 1 7 35 366 4
35 366 4 1 7 35 366 4
35 366 4 1 7 35 366 4
35 366 4 1 7 35 366 4
-1
2 17
6 317 7 1 3 6 317 7
6 317 7 1 3 6 317 7
6 317 7 1 3 6 317 7
6 317 7 1 3 6 317 7
6 317 7 1 3 6 317 7
6 317 7 1 3 6 317 7
6 317 7 1 3 6 317 7
6 317 7 1 3 6 317 7
6 317 7 1 3 6 317 7
6 317 7 1 3 6 317 7
6 317 7 1 3 6 317 7
6 317 7 1 3 6 317 7
6 317 7 1 3 6 317 7
6 317 7 1 3 6 317 7
6 317 7 1 3 6 317 7
6 317 7 1 3 6 317 7
6 317 7 1 10 6 317 7
-1
3 15
7 405 8 1 3 7 405 8
7 405 8 1 3 7 405 8
7 405 8 1 3 7 405 8
7 405 8 1 3 7 405 8
7 405 8 1 3 7 405 8
7 405 8 1 3 7 405 8
7 405 8 1 3 7 405 8
7 405 8 1 3 7 405 8
7 405 8 1 3 7 405 8
7 405 8 1 3 7 405 8
7 405 8 1 3 7 405 8
7 405 8 1 7 7 405 8
7 405 8 1 7 7 405 8
7 405 8 1 7 7 405 8
7 405 8 1 7 7 405 8
-1
4 18
13 102 3 1 3 13 102 3
13 102 3 1 3 13 102 3
13 102 3 1 3 13 102 3
13 102 3 1 3 13 102 3
13 102 3 1 3 13 102 3
13 102 3 1 3 13 102 3
13 102 3 1 3 13 102 3
13 102 3 1 3 13 102 3
13 102 3 1 3 13 102 3
13 102 3 1 3 13 102 3
13 102 3 1 3 13 102 3
13 102 3 1 3 13 102 3
13 102 3 1 3 13 102 3
13 102 3 1 3 13 102 3
13 24 683 1 3 13 24 683
0 0 942 1 3 0 0 942
13 102 3 1 7 13 102 3
13 102 3 1 7 13 102 3
-1
5 19
0 392 5 1 3 0 392 5
0 392 5 1 3 0 392 5
0 392 5 1 3 0 392 5
0 392 5 1 3 0 392 5
0 392 5 1 3 0 392 5
0 392 5 1 3 0 392 5
0 392 5 1 3 0 392 5
0 392 5 1 3 0 392 5
0 392 5 1 3 0 392 5
0 392 5 1 3 0 392 5
0 392 5 1 3 0 392 5
0 392 5 1 3 0 392 5
0 392 5 1 3 0 392 5
0 392 5 1 3 0 392 5
0 392 5 1 3 0 392 5
0 392 5 1 10 0 392 5
0 392 5 1 10 0 392 5
0 392 5 1 10 0 392 5
0 392 5 1 10 0 392 5
-1
