1 12
0 5468 1 1 1 0 5468 1
0 5468 1 1 1 0 5468 1
0 5468 1 1 1 0 5468 1
0 5468 1 1 1 0 5468 1
0 5468 1 1 1 0 5468 1
0 5468 1 1 1 0 5468 1
0 5468 1 1 1 0 5468 1
0 5468 1 1 1 0 5468 1
0 5468 1 1 1 0 5468 1
0 5468 1 1 1 0 5468 1
0 5468 1 1 1 0 5468 1
0 1082 13159 1 1 0 1082 13159
-1
2 12
0 4920 0 1 1 0 4920 0
0 4920 0 1 1 0 4920 0
0 4920 0 1 1 0 4920 0
0 4920 0 1 1 0 4920 0
0 4920 0 1 1 0 4920 0
0 4920 0 1 1 0 4920 0
0 4920 0 1 1 0 4920 0
0 4920 0 1 1 0 4920 0
0 4920 0 1 1 0 4920 0
0 4920 0 1 1 0 4920 0
0 4920 0 1 1 0 4920 0
0 4920 0 1 1 0 4920 0
-1
3 9
0 4437 1 1 1 0 4437 1
0 4437 1 1 1 0 4437 1
0 4437 1 1 1 0 4437 1
0 4437 1 1 1 0 4437 1
0 4437 1 1 1 0 4437 1
0 4437 1 1 1 0 4437 1
0 4437 1 1 1 0 4437 1
0 4437 1 1 1 0 4437 1
0 0 11477 1 1 0 0 11477
-1
4 7
23 6127 1 1 1 23 6127 1
23 6127 1 1 1 23 6127 1
23 6127 1 1 1 23 6127 1
23 6127 1 1 1 23 6127 1
23 6127 1 1 1 23 6127 1
23 6127 1 1 1 23 6127 1
23 6127 1 1 1 23 6127 1
-1
5 6
21 3845 1 1 1 21 3845 1
21 3845 1 1 1 21 3845 1
21 3845 1 1 1 21 3845 1
21 3845 1 1 1 21 3845 1
21 3845 1 1 1 21 3845 1
21 3845 1 1 1 21 3845 1
-1
