1 1
0 2860 1 1 1 0 2860 1
-1
2 2
0 2525 0 1 1 0 2525 0
0 2525 0 1 1 0 2525 0
-1
3 2
0 3752 0 1 1 0 3752 0
0 3752 0 1 1 0 3752 0
-1
4 2
0 2996 5 1 1 0 2996 5
0 2996 5 1 1 0 2996 5
-1
5 1
0 3300 0 1 1 0 3300 0
-1
6 2
0 2918 2 1 1 0 2918 2
0 2918 2 1 1 0 2918 2
-1
7 1
0 3289 4 1 1 0 3289 4
-1
8 1
0 3525 3 1 1 0 3525 3
-1
9 2
0 2399 3 1 1 0 2399 3
0 2399 3 1 1 0 2399 3
-1
10 2
0 3664 1 1 1 0 3664 1
0 3664 1 1 1 0 3664 1
-1
11 2
0 2394 2 1 1 0 2394 2
0 2394 2 1 1 0 2394 2
-1
12 2
0 2151 3 1 1 0 2151 3
0 2151 3 1 1 0 2151 3
-1
13 4
0 2588 4 1 1 0 2588 4
0 2588 4 1 1 0 2588 4
0 2588 4 1 1 0 2588 4
0 2588 4 1 1 0 2588 4
-1
14 2
0 3143 5 1 1 0 3143 5
0 3143 5 1 1 0 3143 5
-1
15 1
0 2498 2 1 1 0 2498 2
-1
16 2
0 2838 1 1 1 0 2838 1
0 2838 1 1 1 0 2838 1
-1
17 3
0 2301 0 1 1 0 2301 0
0 2301 0 1 1 0 2301 0
0 2301 0 1 1 0 2301 0
-1
18 1
0 3545 5 1 1 0 3545 5
-1
19 3
0 2747 5 1 1 0 2747 5
0 2747 5 1 1 0 2747 5
0 2747 5 1 1 0 2747 5
-1
20 1
0 2699 3 1 1 0 2699 3
-1
21 1
0 3896 5 1 1 0 3896 5
-1
22 2
0 3164 4 1 1 0 3164 4
0 3164 4 1 1 0 3164 4
-1
23 1
0 2212 1 1 1 0 2212 1
-1
24 1
0 2505 3 1 1 0 2505 3
-1
25 3
0 3540 1 1 1 0 3540 1
0 3540 1 1 1 0 3540 1
0 3540 1 1 1 0 3540 1
-1
26 1
0 2376 0 1 1 0 2376 0
-1
27 0
-1
28 1
0 2999 3 1 1 0 2999 3
-1
29 2
0 2505 0 1 1 0 2505 0
0 2505 0 1 1 0 2505 0
-1
30 2
0 1516 5686 1 1 0 1516 5686
0 0 14971 1 1 0 0 14971
-1
31 2
0 3509 4 1 1 0 3509 4
0 3509 4 1 1 0 3509 4
-1
32 1
0 3956 0 1 1 0 3956 0
-1
33 2
0 2931 3 1 1 0 2931 3
0 2931 3 1 1 0 2931 3
-1
34 2
0 2942 2 1 1 0 2942 2
0 2942 2 1 1 0 2942 2
-1
35 2
0 2413 4 1 1 0 2413 4
0 0 846 1 1 0 0 846
-1
36 1
0 3159 1 1 1 0 3159 1
-1
37 2
0 3771 5 1 1 0 3771 5
0 3771 5 1 1 0 3771 5
-1
38 2
0 3561 4 1 1 0 3561 4
0 3561 4 1 1 0 3561 4
-1
39 2
0 3218 5 1 1 0 3218 5
0 3218 5 1 1 0 3218 5
-1
40 1
0 3413 1 1 1 0 3413 1
-1
