1 0
-1
2 0
-1
3 5
0 2165 0 1 77 0 2165 0
0 2165 0 1 550 0 2165 0
0 2165 0 1 558 0 2165 0
0 2165 0 1 833 0 2165 0
0 2165 0 1 1026 0 2165 0
-1
4 87
0 1619 0 1 1 0 1619 0
0 1619 0 1 491 0 1619 0
0 1619 0 1 491 0 1619 0
0 1619 0 1 192 0 1619 0
0 1619 0 1 805 0 1619 0
0 1619 0 1 805 0 1619 0
0 1619 0 1 711 0 1619 0
0 1619 0 1 711 0 1619 0
0 1619 0 1 544 0 1619 0
0 1619 0 1 774 0 1619 0
0 1619 0 1 774 0 1619 0
0 1619 0 1 985 0 1619 0
0 1619 0 1 985 0 1619 0
0 1619 0 1 1145 0 1619 0
0 1619 0 1 1145 0 1619 0
0 1619 0 1 3 0 1619 0
0 1619 0 1 3 0 1619 0
0 1619 0 1 351 0 1619 0
0 1565 154 2 777 0 1377 153 170 0 188 1
0 1619 0 1 616 0 1619 0
0 1619 0 1 258 0 1619 0
0 1619 0 1 26 0 1619 0
0 1619 0 1 1116 0 1619 0
0 1482 392 2 717 0 1359 151 170 0 123 241
0 1619 0 1 1166 0 1619 0
0 1619 0 1 1166 0 1619 0
0 1619 0 1 63 0 1619 0
0 1619 0 1 15 0 1619 0
0 1445 498 2 711 0 1235 497 927 0 210 1
0 1619 0 1 316 0 1619 0
0 1619 0 1 316 0 1619 0
0 1619 0 1 423 0 1619 0
0 1619 0 1 423 0 1619 0
0 1619 0 1 287 0 1619 0
0 1619 0 1 481 0 1619 0
0 1619 0 1 481 0 1619 0
0 1619 0 1 139 0 1619 0
0 1559 171 2 219 0 1530 170 349 0 29 1
0 1619 0 1 948 0 1619 0
0 1619 0 1 948 0 1619 0
0 1619 0 1 558 0 1619 0
0 1619 0 1 227 0 1619 0
0 1619 0 1 780 0 1619 0
0 1619 0 1 780 0 1619 0
0 1619 0 1 580 0 1619 0
0 1619 0 1 580 0 1619 0
0 1619 0 1 684 0 1619 0
0 1619 0 1 952 0 1619 0
0 1619 0 1 952 0 1619 0
0 1619 0 1 475 0 1619 0
0 1619 0 1 475 0 1619 0
0 1619 0 1 594 0 1619 0
0 1619 0 1 747 0 1619 0
0 1619 0 1 450 0 1619 0
0 1566 151 2 349 0 1339 151 351 0 227 0
0 1619 0 1 1120 0 1619 0
0 1619 0 1 124 0 1619 0
0 1619 0 1 124 0 1619 0
0 1619 0 1 610 0 1619 0
0 1567 149 2 191 0 1332 148 927 0 235 1
0 1619 0 1 137 0 1619 0
0 1619 0 1 429 0 1619 0
0 1619 0 1 429 0 1619 0
0 1619 0 1 956 0 1619 0
0 1572 134 2 181 0 1188 132 1 0 384 2
0 1510 312 2 616 0 1171 310 491 0 339 2
0 1584 100 1 559 0 1584 100
0 1619 0 1 629 0 1619 0
0 1619 0 1 629 0 1619 0
0 1619 0 1 20 0 1619 0
0 1619 0 1 20 0 1619 0
0 1619 0 1 299 0 1619 0
0 1619 0 1 299 0 1619 0
0 1619 0 1 830 0 1619 0
0 1619 0 1 818 0 1619 0
0 1619 0 1 818 0 1619 0
0 1619 0 1 374 0 1619 0
0 1619 0 1 374 0 1619 0
0 1619 0 1 884 0 1619 0
0 1619 0 1 884 0 1619 0
0 1567 149 2 768 0 1323 147 316 0 244 2
0 1509 315 2 15 0 1207 314 774 0 302 1
0 1619 0 1 419 0 1619 0
0 1455 469 2 544 0 982 289 491 0 473 180
0 1619 0 1 887 0 1619 0
0 1619 0 1 438 0 1619 0
0 1619 0 1 438 0 1619 0
-1
5 0
-1
6 0
-1
7 84
0 1596 2 1 1030 0 1596 2
0 1596 2 1 566 0 1596 2
0 1596 2 1 566 0 1596 2
0 1596 2 1 461 0 1596 2
0 1596 2 1 461 0 1596 2
0 1596 2 1 609 0 1596 2
0 1596 2 1 1112 0 1596 2
0 1596 2 1 979 0 1596 2
0 1596 2 1 786 0 1596 2
0 1596 2 1 786 0 1596 2
0 1540 162 2 477 0 1449 161 1112 0 91 1
0 1596 2 1 144 0 1596 2
0 1596 2 1 144 0 1596 2
0 1596 2 1 469 0 1596 2
0 1596 2 1 469 0 1596 2
0 1596 2 1 682 0 1596 2
0 1596 2 1 781 0 1596 2
0 1548 139 1 800 0 1548 139
0 1596 2 1 592 0 1596 2
0 1596 2 1 17 0 1596 2
0 1481 331 2 979 0 1392 330 1112 0 89 1
0 1596 2 1 365 0 1596 2
0 1446 336 2 330 0 1224 136 1030 0 222 200
0 1596 2 1 436 0 1596 2
0 1596 2 1 436 0 1596 2
0 1596 2 1 306 0 1596 2
0 1596 2 1 539 0 1596 2
0 1596 2 1 539 0 1596 2
0 1540 162 2 939 0 1458 162 461 0 82 0
0 1596 2 1 391 0 1596 2
0 1596 2 1 885 0 1596 2
0 1484 323 2 682 0 1329 323 764 0 155 0
0 1596 2 1 190 0 1596 2
0 1596 2 1 190 0 1596 2
0 1596 2 1 1069 0 1596 2
0 1483 325 2 592 0 1338 324 566 0 145 1
0 1596 2 1 433 0 1596 2
0 1596 2 1 433 0 1596 2
0 1596 2 1 76 0 1596 2
0 1596 2 1 468 0 1596 2
0 1596 2 1 383 0 1596 2
0 1427 486 2 144 0 1218 486 1112 0 209 0
0 1596 2 1 284 0 1596 2
0 1596 2 1 284 0 1596 2
0 1596 2 1 846 0 1596 2
0 1596 2 1 846 0 1596 2
0 1596 2 1 378 0 1596 2
0 1596 2 1 215 0 1596 2
0 1596 2 1 215 0 1596 2
0 1540 162 2 240 0 1458 162 609 0 82 0
0 1596 2 1 59 0 1596 2
0 1432 472 2 786 0 1074 470 1112 0 358 2
0 1596 2 1 1169 0 1596 2
0 1425 492 2 190 0 1272 492 436 0 153 0
0 1539 165 1 241 0 1539 165
0 1572 71 1 752 0 1572 71
0 1596 2 1 878 0 1596 2
0 1575 62 1 437 0 1575 62
0 1496 288 2 609 0 923 287 566 0 573 1
0 1596 2 1 407 0 1596 2
0 1596 2 1 516 0 1596 2
0 1596 2 1 597 0 1596 2
0 1596 2 1 597 0 1596 2
0 1596 2 1 99 0 1596 2
0 1596 2 1 785 0 1596 2
0 1560 105 2 476 0 936 104 764 0 624 1
0 1596 2 1 918 0 1596 2
0 1596 2 1 918 0 1596 2
0 1596 2 1 64 0 1596 2
0 1596 2 1 971 0 1596 2
0 1480 334 3 578 0 954 106 781 0 456 226 461 0 70 2
0 1494 294 2 391 0 1068 294 306 0 426 0
0 1596 2 1 986 0 1596 2
0 1596 2 1 986 0 1596 2
0 1596 2 1 367 0 1596 2
0 1596 2 1 367 0 1596 2
0 1596 2 1 289 0 1596 2
0 1596 2 1 305 0 1596 2
0 1596 2 1 225 0 1596 2
0 1596 2 1 225 0 1596 2
0 1596 2 1 233 0 1596 2
0 1596 2 1 233 0 1596 2
0 1543 154 2 892 0 1377 153 1112 0 166 1
0 1596 2 1 118 0 1596 2
-1
8 76
0 2002 1 1 541 0 2002 1
0 2002 1 1 808 0 2002 1
0 1922 230 1 808 0 1922 230
0 2002 1 1 675 0 2002 1
0 2002 1 1 288 0 2002 1
0 2002 1 1 600 0 2002 1
0 2002 1 1 138 0 2002 1
0 2002 1 1 537 0 2002 1
0 2002 1 1 388 0 2002 1
0 2002 1 1 388 0 2002 1
0 2002 1 1 269 0 2002 1
0 2002 1 1 692 0 2002 1
0 2002 1 1 377 0 2002 1
0 2002 1 1 886 0 2002 1
0 2002 1 1 304 0 2002 1
0 1953 141 1 732 0 1953 141
0 2002 1 1 1020 0 2002 1
0 2002 1 1 1020 0 2002 1
0 2002 1 1 1133 0 2002 1
0 2002 1 1 530 0 2002 1
0 2002 1 1 530 0 2002 1
0 2002 1 1 354 0 2002 1
0 2002 1 1 457 0 2002 1
0 2002 1 1 457 0 2002 1
0 1998 12 1 452 0 1998 12
0 1861 404 2 288 0 1634 403 600 0 227 1
0 2002 1 1 817 0 2002 1
0 1856 419 2 1133 0 1769 418 91 0 87 1
0 2002 1 1 65 0 2002 1
0 2002 1 1 88 0 2002 1
0 1868 384 2 541 0 1454 383 675 0 414 1
0 2002 1 1 1136 0 2002 1
0 2002 1 1 1136 0 2002 1
0 1853 427 2 692 0 1625 402 600 0 228 25
0 1861 404 2 304 0 1643 404 91 0 218 0
0 2002 1 1 964 0 2002 1
0 2002 1 1 964 0 2002 1
0 2002 1 1 148 0 2002 1
0 2002 1 1 148 0 2002 1
0 2002 1 1 576 0 2002 1
0 1940 178 1 576 0 1940 178
0 2002 1 1 1096 0 2002 1
0 2002 1 1 1047 0 2002 1
0 2002 1 1 1047 0 2002 1
0 1936 190 2 404 0 1710 190 91 0 226 0
0 1933 198 2 909 0 1782 198 1136 0 151 0
0 2002 1 1 173 0 2002 1
0 2002 1 1 173 0 2002 1
0 2002 1 1 915 0 2002 1
0 2002 1 1 1091 0 2002 1
0 1950 149 2 45 0 1341 149 91 0 609 0
0 2002 1 1 133 0 2002 1
0 2002 1 1 133 0 2002 1
0 1855 422 2 915 0 1805 422 1136 0 50 0
0 2002 1 1 1073 0 2002 1
0 2002 1 1 1073 0 2002 1
0 2002 1 1 691 0 2002 1
0 1869 381 2 817 0 1436 381 269 0 433 0
0 2002 1 1 114 0 2002 1
0 2002 1 1 406 0 2002 1
0 2002 1 1 406 0 2002 1
0 1870 379 2 65 0 1418 379 642 0 452 0
0 2002 1 1 756 0 2002 1
0 2002 1 1 756 0 2002 1
0 2002 1 1 632 0 2002 1
0 2002 1 1 74 0 2002 1
0 2002 1 1 231 0 2002 1
0 2002 1 1 231 0 2002 1
0 2002 1 1 343 0 2002 1
0 2002 1 1 1039 0 2002 1
0 2002 1 1 1039 0 2002 1
0 2002 1 1 385 0 2002 1
0 1809 553 2 88 0 1265 362 269 0 544 191
0 2002 1 1 827 0 2002 1
0 1801 576 2 886 0 1058 339 537 0 743 237
0 1859 410 2 691 0 1697 410 964 0 162 0
-1
9 0
-1
10 2
0 1183 0 1 1163 0 1183 0
0 1183 0 1 1163 0 1183 0
-1
11 0
-1
12 84
0 1567 1 1 33 0 1567 1
0 1567 1 1 33 0 1567 1
0 1567 1 1 42 0 1567 1
0 1567 1 1 864 0 1567 1
0 1567 1 1 771 0 1567 1
0 1567 1 1 72 0 1567 1
0 1567 1 1 981 0 1567 1
0 1538 84 1 771 0 1538 84
0 1567 1 1 198 0 1567 1
0 1567 1 1 297 0 1567 1
0 1567 1 1 297 0 1567 1
0 1567 1 1 479 0 1567 1
0 1567 1 1 479 0 1567 1
0 1567 1 1 497 0 1567 1
0 1567 1 1 533 0 1567 1
0 1567 1 1 459 0 1567 1
0 1567 1 1 867 0 1567 1
0 1567 1 1 867 0 1567 1
0 1567 1 1 947 0 1567 1
0 1567 1 1 716 0 1567 1
0 1567 1 1 1137 0 1567 1
0 1567 1 1 1137 0 1567 1
0 1287 673 2 72 0 1214 308 33 0 73 365
0 1454 324 2 947 0 1349 323 33 0 105 1
0 1567 1 1 324 0 1567 1
0 1567 1 1 324 0 1567 1
0 1567 1 1 417 0 1567 1
0 1567 1 1 417 0 1567 1
0 1566 4 1 294 0 1566 4
0 1457 316 2 497 0 1268 314 864 0 189 2
0 1567 1 1 794 0 1567 1
0 1567 1 1 794 0 1567 1
0 1567 1 1 283 0 1567 1
0 1567 1 1 283 0 1567 1
0 1567 1 1 441 0 1567 1
0 1567 1 1 465 0 1567 1
0 1567 1 1 1064 0 1567 1
0 1567 1 1 1192 0 1567 1
0 1456 319 2 198 0 1151 301 42 0 305 18
0 1457 316 1 465 0 1457 316
0 1428 399 2 56 0 1329 399 202 0 99 0
0 1511 161 2 1071 0 1449 161 440 0 62 0
0 1567 1 1 714 0 1567 1
0 1567 1 1 1165 0 1567 1
0 1567 1 1 1165 0 1567 1
0 1567 1 1 160 0 1567 1
0 1567 1 1 160 0 1567 1
0 1461 304 2 459 0 1169 303 716 0 292 1
0 1567 1 1 895 0 1567 1
0 1567 1 1 895 0 1567 1
0 1526 118 2 812 0 1044 116 864 0 482 2
0 1567 1 1 129 0 1567 1
0 1567 1 1 680 0 1567 1
0 1567 1 1 954 0 1567 1
0 1567 1 1 954 0 1567 1
0 1567 1 1 262 0 1567 1
0 1567 1 1 744 0 1567 1
0 1567 1 1 744 0 1567 1
0 1567 1 1 1193 0 1567 1
0 1567 1 1 759 0 1567 1
0 1567 1 1 759 0 1567 1
0 1567 1 1 775 0 1567 1
0 1521 133 1 503 0 1521 133
0 1524 124 2 402 0 1116 124 297 0 408 0
0 1567 1 1 193 0 1567 1
0 1567 1 1 318 0 1567 1
0 1567 1 1 61 0 1567 1
0 1452 330 2 262 0 1394 328 1165 0 58 2
0 1567 1 1 350 0 1567 1
0 1470 279 2 533 0 935 277 1137 0 535 2
0 1567 1 1 625 0 1567 1
0 1567 1 1 897 0 1567 1
0 1511 161 2 440 0 1189 139 794 0 322 22
0 1567 1 1 806 0 1567 1
0 1567 1 1 145 0 1567 1
0 1567 1 1 145 0 1567 1
0 1567 1 1 278 0 1567 1
0 1567 1 1 278 0 1567 1
0 1455 322 2 1193 0 1340 322 716 0 115 0
0 1567 1 1 395 0 1567 1
0 1567 1 1 395 0 1567 1
0 1439 367 2 897 0 1439 333 42 0 0 34
0 1509 167 1 1183 0 1509 167
0 1353 394 2 73 0 1044 116 864 0 309 278
-1
13 85
0 1592 2 1 81 0 1592 2
0 1592 2 1 81 0 1592 2
0 1592 2 1 757 0 1592 2
0 1592 2 1 1040 0 1592 2
0 1592 2 1 1040 0 1592 2
0 1592 2 1 413 0 1592 2
0 1592 2 1 413 0 1592 2
0 1592 2 1 997 0 1592 2
0 1592 2 1 705 0 1592 2
0 1592 2 1 705 0 1592 2
0 1536 162 2 746 0 1458 162 1040 0 78 0
0 1592 2 1 1117 0 1592 2
0 1592 2 1 1117 0 1592 2
0 1592 2 1 358 0 1592 2
0 1592 2 1 483 0 1592 2
0 1592 2 1 640 0 1592 2
0 1592 2 1 640 0 1592 2
0 1592 2 1 199 0 1592 2
0 1592 2 1 686 0 1592 2
0 1592 2 1 686 0 1592 2
0 1592 2 1 789 0 1592 2
0 1592 2 1 237 0 1592 2
0 1592 2 1 237 0 1592 2
0 1592 2 1 339 0 1592 2
0 1592 2 1 661 0 1592 2
0 1479 326 2 757 0 1351 325 81 0 128 1
0 1592 2 1 1075 0 1592 2
0 1592 2 1 1075 0 1592 2
0 1592 2 1 267 0 1592 2
0 1592 2 1 697 0 1592 2
0 1592 2 1 697 0 1592 2
0 1592 2 1 702 0 1592 2
0 1592 2 1 1159 0 1592 2
0 1592 2 1 1198 0 1592 2
0 1592 2 1 1198 0 1592 2
0 1536 162 2 373 0 1449 161 1162 0 87 1
0 1592 2 1 342 0 1592 2
0 1592 2 1 1087 0 1592 2
0 1592 2 1 254 0 1592 2
0 1592 2 1 254 0 1592 2
0 1592 2 1 653 0 1592 2
0 1592 2 1 561 0 1592 2
0 1592 2 1 1170 0 1592 2
0 1592 2 1 150 0 1592 2
0 1592 2 1 150 0 1592 2
0 1423 486 2 705 0 1217 485 997 0 206 1
0 1592 2 1 523 0 1592 2
0 1592 2 1 960 0 1592 2
0 1592 2 1 1082 0 1592 2
0 1420 495 2 686 0 1307 495 199 0 113 0
0 1592 2 1 260 0 1592 2
0 1592 2 1 260 0 1592 2
0 1592 2 1 994 0 1592 2
0 1592 2 1 994 0 1592 2
0 1535 165 2 380 0 1467 163 339 0 68 2
0 1592 2 1 1051 0 1592 2
0 1592 2 1 400 0 1592 2
0 1592 2 1 569 0 1592 2
0 1592 2 1 569 0 1592 2
0 1592 2 1 322 0 1592 2
0 1592 2 1 916 0 1592 2
0 1479 326 2 702 0 1351 325 640 0 128 1
0 1534 168 2 261 0 1503 167 342 0 31 1
0 1539 154 2 371 0 1377 153 1159 0 162 1
0 1533 171 2 1083 0 1521 169 960 0 12 2
0 1592 2 1 778 0 1592 2
0 1592 2 1 989 0 1592 2
0 1592 2 1 989 0 1592 2
0 1592 2 1 1152 0 1592 2
0 1592 2 1 1152 0 1592 2
0 1426 477 2 1117 0 1136 476 1162 0 290 1
0 1421 492 2 1198 0 1280 492 997 0 141 0
0 1592 2 1 712 0 1592 2
0 1592 2 1 712 0 1592 2
0 1592 2 1 974 0 1592 2
0 1592 2 1 788 0 1592 2
0 1542 145 2 323 0 1287 143 413 0 255 2
0 1592 2 1 353 0 1592 2
0 1469 354 2 661 0 1198 308 483 0 271 46
0 1592 2 1 58 0 1592 2
0 1591 5 1 520 0 1591 5
0 1478 328 2 1051 0 1378 328 920 0 100 0
0 1542 145 2 252 0 1296 144 640 0 246 1
0 1411 520 2 1075 0 1181 481 339 0 230 39
0 1543 142 2 1155 0 1269 141 1162 0 274 1
-1
14 0
-1
15 0
-1
16 9
0 1174 1 1 776 0 1174 1
0 1174 1 1 776 0 1174 1
0 1174 1 1 776 0 1174 1
0 1174 1 1 783 0 1174 1
0 1174 1 1 783 0 1174 1
0 1174 1 1 783 0 1174 1
0 1174 1 1 127 0 1174 1
0 1174 1 1 681 0 1174 1
0 1174 1 1 681 0 1174 1
-1
17 0
-1
18 0
-1
19 0
-1
20 0
-1
21 0
-1
22 0
-1
23 6
0 2288 0 1 520 0 2288 0
0 2288 0 1 95 0 2288 0
0 2288 0 1 916 0 2288 0
0 2288 0 1 762 0 2288 0
0 2288 0 1 624 0 2288 0
0 2288 0 1 397 0 2288 0
-1
24 0
-1
25 0
-1
26 0
-1
27 0
-1
28 0
-1
29 24
0 2270 1 1 876 0 2270 1
0 2270 1 1 970 0 2270 1
0 2270 1 1 264 0 2270 1
0 2270 1 1 650 0 2270 1
0 2270 1 1 13 0 2270 1
0 2270 1 1 1043 0 2270 1
0 2270 1 1 86 0 2270 1
0 2189 233 2 10 0 2079 231 876 0 110 2
0 2270 1 1 505 0 2270 1
0 2270 1 1 1110 0 2270 1
0 2270 1 1 521 0 2270 1
0 2270 1 1 646 0 2270 1
0 2112 454 2 650 0 1825 454 393 0 287 0
0 2199 205 2 295 0 1845 205 1043 0 354 0
0 2111 457 2 86 0 1834 455 876 0 277 2
0 2200 202 2 35 0 1809 201 393 0 391 1
0 2270 1 1 256 0 2270 1
0 2270 1 1 14 0 2270 1
0 2270 1 1 758 0 2270 1
0 2270 1 1 1102 0 2270 1
0 2270 1 1 688 0 2270 1
0 2032 477 2 449 0 1836 204 264 0 196 273
0 2270 1 1 538 0 2270 1
0 2270 1 1 772 0 2270 1
-1
30 83
0 2181 2 1 635 0 2181 2
0 2178 10 1 447 0 2178 10
0 2181 2 1 1079 0 2181 2
0 2181 2 1 975 0 2181 2
0 2049 380 1 1079 0 2049 380
0 2103 225 2 209 0 2025 225 161 0 78 0
0 2181 2 1 154 0 2181 2
0 2157 70 1 154 0 2157 70
0 2181 2 1 443 0 2181 2
0 2181 2 1 570 0 2181 2
0 2109 208 2 161 0 1794 208 635 0 315 0
0 2019 466 2 443 0 2013 464 635 0 6 2
0 2181 2 1 590 0 2181 2
0 2181 2 1 719 0 2181 2
0 2181 2 1 804 0 2181 2
0 2181 2 1 1173 0 2181 2
0 2181 2 1 803 0 2181 2
0 2181 2 1 951 0 2181 2
0 2181 2 1 1151 0 2181 2
0 2181 2 1 689 0 2181 2
0 2181 2 1 753 0 2181 2
0 2104 222 2 879 0 1998 222 669 0 106 0
0 2097 233 1 736 0 2097 233
0 2115 191 1 239 0 2115 191
0 2181 2 1 146 0 2181 2
0 2181 2 1 770 0 2181 2
0 2181 2 1 234 0 2181 2
0 2181 2 1 1010 0 2181 2
0 2181 2 1 204 0 2181 2
0 2020 463 2 1151 0 2004 463 951 0 16 0
0 2166 45 1 204 0 2166 45
0 2181 2 1 873 0 2181 2
0 2181 2 1 1171 0 2181 2
0 2181 2 1 1171 0 2181 2
0 2102 228 2 327 0 2043 227 612 0 59 1
0 2108 211 2 813 0 1881 209 635 0 227 2
0 2181 2 1 36 0 2181 2
0 2181 2 1 271 0 2181 2
0 2181 2 1 482 0 2181 2
0 2181 2 1 535 0 2181 2
0 2181 2 1 1070 0 2181 2
0 2103 225 2 277 0 2007 223 1161 0 96 2
0 2181 2 1 445 0 2181 2
0 2181 2 1 445 0 2181 2
0 2181 2 1 906 0 2181 2
0 2107 214 2 41 0 1926 214 110 0 181 0
0 2040 405 1 482 0 2040 405
0 2181 2 1 22 0 2181 2
0 2181 2 1 308 0 2181 2
0 2106 216 2 709 0 1944 216 704 0 162 0
0 2181 2 1 870 0 2181 2
0 2181 2 1 247 0 2181 2
0 2181 2 1 945 0 2181 2
0 2033 425 2 719 0 1662 425 975 0 371 0
0 2181 2 1 1045 0 2181 2
0 2114 193 2 669 0 1631 193 635 0 483 0
0 2181 2 1 195 0 2181 2
0 2112 199 1 1045 0 2112 199
0 2181 2 1 23 0 2181 2
0 2181 2 1 593 0 2181 2
0 2181 2 1 766 0 2181 2
0 2181 2 1 179 0 2181 2
0 2133 139 2 1161 0 1164 138 570 0 969 1
0 2181 2 1 249 0 2181 2
0 2181 2 1 401 0 2181 2
0 2181 2 1 1052 0 2181 2
0 2085 277 1 249 0 2085 277
0 2109 208 2 704 0 1710 208 723 0 399 0
0 2098 239 2 612 0 1705 195 689 0 393 44
0 2100 234 2 187 0 2088 232 924 0 12 2
0 2181 2 1 102 0 2181 2
0 2181 2 1 302 0 2181 2
0 2181 2 1 905 0 2181 2
0 2181 2 1 742 0 2181 2
0 2110 205 2 155 0 1827 203 110 0 283 2
0 2181 2 1 999 0 2181 2
0 2181 2 1 117 0 2181 2
0 2181 2 1 189 0 2181 2
0 2181 2 1 589 0 2181 2
0 2181 2 1 585 0 2181 2
0 2181 2 1 733 0 2181 2
0 2181 2 1 921 0 2181 2
0 2032 428 2 36 0 1680 427 770 0 352 1
-1
31 6
0 1596 0 1 631 0 1596 0
0 1596 0 1 132 0 1596 0
0 1596 0 1 1104 0 1596 0
0 1596 0 1 1104 0 1596 0
0 1596 0 1 638 0 1596 0
0 1596 0 1 638 0 1596 0
-1
32 72
0 2297 1 1 792 0 2297 1
0 2297 1 1 621 0 2297 1
0 2297 1 1 930 0 2297 1
0 2297 1 1 348 0 2297 1
0 2297 1 1 829 0 2297 1
0 2297 1 1 214 0 2297 1
0 2268 84 1 1195 0 2268 84
0 2128 485 2 214 0 2068 484 792 0 60 1
0 2295 7 1 1184 0 2295 7
0 2297 1 1 1106 0 2297 1
0 2217 230 2 690 0 2061 229 792 0 156 1
0 2217 230 2 798 0 2052 228 348 0 165 2
0 2297 1 1 1059 0 2297 1
0 2297 1 1 158 0 2297 1
0 2297 1 1 1077 0 2297 1
0 2222 216 2 637 0 1926 214 930 0 296 2
0 2297 1 1 553 0 2297 1
0 2297 1 1 1038 0 2297 1
0 2297 1 1 126 0 2297 1
0 2297 1 1 835 0 2297 1
0 2228 199 2 822 0 1791 199 1147 0 437 0
0 2297 1 1 357 0 2297 1
0 2297 1 1 439 0 2297 1
0 2297 1 1 933 0 2297 1
0 2297 1 1 1050 0 2297 1
0 2228 199 2 250 0 1791 199 348 0 437 0
0 2236 176 2 740 0 1575 175 1147 0 661 1
0 2297 1 1 311 0 2297 1
0 2297 1 1 1103 0 2297 1
0 2297 1 1 1092 0 2297 1
0 2297 1 1 1046 0 2297 1
0 2297 1 1 472 0 2297 1
0 2297 1 1 966 0 2297 1
0 2297 1 1 1055 0 2297 1
0 2297 1 1 281 0 2297 1
0 2297 1 1 524 0 2297 1
0 2297 1 1 372 0 2297 1
0 2297 1 1 862 0 2297 1
0 2297 1 1 442 0 2297 1
0 2297 1 1 519 0 2297 1
0 2297 1 1 1168 0 2297 1
0 2228 199 2 865 0 1791 199 621 0 437 0
0 2297 1 1 1009 0 2297 1
0 2297 1 1 456 0 2297 1
0 2297 1 1 696 0 2297 1
0 2297 1 1 890 0 2297 1
0 2297 1 1 1186 0 2297 1
0 2233 185 2 178 0 1656 184 348 0 577 1
0 2297 1 1 1101 0 2297 1
0 2297 1 1 66 0 2297 1
0 2297 1 1 603 0 2297 1
0 2297 1 1 745 0 2297 1
0 2297 1 1 40 0 2297 1
0 2297 1 1 337 0 2297 1
0 2297 1 1 534 0 2297 1
0 2268 84 1 583 0 2268 84
0 2130 480 2 862 0 2032 480 357 0 98 0
0 2147 431 2 553 0 1582 430 235 0 565 1
0 2194 296 1 337 0 2194 296
0 2297 1 1 384 0 2297 1
0 2297 1 1 573 0 2297 1
0 2297 1 1 996 0 2297 1
0 2297 1 1 1031 0 2297 1
0 2143 442 2 835 0 1681 441 902 0 462 1
0 2297 1 1 1049 0 2297 1
0 2297 1 1 683 0 2297 1
0 2297 1 1 1125 0 2297 1
0 2138 457 2 311 0 1825 457 460 0 313 0
0 2297 1 1 931 0 2297 1
0 2167 374 2 829 0 1069 373 843 0 1098 1
0 2297 1 1 707 0 2297 1
0 2297 1 1 820 0 2297 1
-1
33 0
-1
34 0
-1
35 15
0 2338 0 1 1095 0 2338 0
0 2338 0 1 1172 0 2338 0
0 2338 0 1 512 0 2338 0
0 2338 0 1 735 0 2338 0
0 2338 0 1 266 0 2338 0
0 2338 0 1 998 0 2338 0
0 2338 0 1 39 0 2338 0
0 2338 0 1 206 0 2338 0
0 2331 20 1 678 0 2331 20
0 2338 0 1 778 0 2338 0
0 2338 0 1 815 0 2338 0
0 2338 0 1 222 0 2338 0
0 2338 0 1 738 0 2338 0
0 2234 298 2 701 0 1917 213 1095 0 317 85
0 2338 0 1 577 0 2338 0
-1
36 88
0 2253 0 1 1002 0 2253 0
0 2202 146 1 1002 0 2202 146
0 2253 0 1 1000 0 2253 0
0 2253 0 1 615 0 2253 0
0 2253 0 1 1063 0 2253 0
0 2253 0 1 202 0 2253 0
0 2253 0 1 96 0 2253 0
0 2253 0 1 290 0 2253 0
0 2253 0 1 56 0 2253 0
0 2253 0 1 236 0 2253 0
0 2196 163 1 382 0 2196 163
0 2253 0 1 731 0 2253 0
0 2253 0 1 6 0 2253 0
0 2253 0 1 1148 0 2253 0
0 2174 226 2 1089 0 2016 224 1063 0 158 2
0 2253 0 1 488 0 2253 0
0 2253 0 1 1037 0 2253 0
0 2253 0 1 292 0 2253 0
0 2176 220 2 228 0 1971 219 1000 0 205 1
0 2253 0 1 582 0 2253 0
0 2253 0 1 694 0 2253 0
0 2253 0 1 796 0 2253 0
0 2253 0 1 1174 0 2253 0
0 2187 189 1 396 0 2187 189
0 2253 0 1 531 0 2253 0
0 2253 0 1 750 0 2253 0
0 2253 0 1 1015 0 2253 0
0 2253 0 1 4 0 2253 0
0 2089 470 2 694 0 1977 470 1000 0 112 0
0 2253 0 1 493 0 2253 0
0 2253 0 1 276 0 2253 0
0 2253 0 1 78 0 2253 0
0 2253 0 1 698 0 2253 0
0 2253 0 1 953 0 2253 0
0 2085 481 2 276 0 2076 481 56 0 9 0
0 2095 452 2 6 0 1806 451 1000 0 289 1
0 2170 238 2 55 0 2124 236 1000 0 46 2
0 2253 0 1 168 0 2253 0
0 2253 0 1 325 0 2253 0
0 2253 0 1 1003 0 2253 0
0 2103 430 2 236 0 1617 430 1134 0 486 0
0 2253 0 1 636 0 2253 0
0 2253 0 1 752 0 2253 0
0 2173 229 2 754 0 2061 229 531 0 112 0
0 2169 241 1 627 0 2169 241
0 2179 212 2 1142 0 1908 212 205 0 271 0
0 2172 232 2 1033 0 2088 232 1134 0 84 0
0 2203 143 2 1149 0 1278 142 202 0 925 1
0 2104 427 2 1037 0 1581 426 1063 0 523 1
0 2253 0 1 1058 0 2253 0
0 2253 0 1 257 0 2253 0
0 2253 0 1 775 0 2253 0
0 2195 166 2 34 0 1494 166 796 0 701 0
0 2253 0 1 913 0 2253 0
0 2253 0 1 718 0 2253 0
0 2211 120 1 718 0 2211 120
0 2121 378 1 913 0 2121 378
0 2189 183 2 370 0 1647 183 731 0 542 0
0 2086 478 2 1058 0 2049 478 582 0 37 0
0 2253 0 1 7 0 2253 0
0 2253 0 1 903 0 2253 0
0 2214 112 1 657 0 2214 112
0 2253 0 1 131 0 2253 0
0 2253 0 1 932 0 2253 0
0 2253 0 1 511 0 2253 0
0 2253 0 1 517 0 2253 0
0 2253 0 1 272 0 2253 0
0 2253 0 1 69 0 2253 0
0 2253 0 1 193 0 2253 0
0 2100 438 2 325 0 1689 438 1003 0 411 0
0 2253 0 1 149 0 2253 0
0 2253 0 1 973 0 2253 0
0 2192 175 2 453 0 1557 173 582 0 635 2
0 2188 186 2 205 0 1403 186 1000 0 785 0
0 2253 0 1 1183 0 2253 0
0 2253 0 1 518 0 2253 0
0 2253 0 1 229 0 2253 0
0 2253 0 1 315 0 2253 0
0 2253 0 1 484 0 2253 0
0 2253 0 1 473 0 2253 0
0 2253 0 1 899 0 2253 0
0 2253 0 1 27 0 2253 0
0 2253 0 1 853 0 2253 0
0 2253 0 1 211 0 2253 0
0 2004 713 3 96 0 843 344 1174 0 1068 369 488 0 93 0
0 2253 0 1 242 0 2253 0
0 2253 0 1 626 0 2253 0
0 2253 0 1 968 0 2253 0
-1
37 51
0 1012 1 1 676 0 1012 1
0 1012 1 1 1048 0 1012 1
0 1012 1 1 352 0 1012 1
0 1012 1 1 352 0 1012 1
0 1012 1 1 352 0 1012 1
0 1012 1 1 877 0 1012 1
0 1012 1 1 877 0 1012 1
0 1012 1 1 379 0 1012 1
0 1012 1 1 504 0 1012 1
0 1012 1 1 504 0 1012 1
0 1012 1 1 471 0 1012 1
0 1012 1 1 471 0 1012 1
0 1012 1 1 471 0 1012 1
0 1012 1 1 706 0 1012 1
0 1012 1 1 706 0 1012 1
0 1012 1 1 801 0 1012 1
0 1012 1 1 801 0 1012 1
0 1012 1 1 801 0 1012 1
0 901 319 2 877 0 865 319 676 0 36 0
0 1012 1 1 392 0 1012 1
0 1012 1 1 420 0 1012 1
0 1012 1 1 420 0 1012 1
0 1012 1 1 863 0 1012 1
0 1012 1 1 863 0 1012 1
0 1012 1 1 863 0 1012 1
0 1012 1 1 103 0 1012 1
0 1012 1 1 103 0 1012 1
0 1012 1 1 103 0 1012 1
0 1012 1 1 326 0 1012 1
0 1012 1 1 819 0 1012 1
0 1012 1 1 112 0 1012 1
0 1012 1 1 112 0 1012 1
0 1012 1 1 112 0 1012 1
0 1012 1 1 536 0 1012 1
0 1012 1 1 605 0 1012 1
0 1012 1 1 313 0 1012 1
0 1012 1 1 1081 0 1012 1
0 1012 1 1 1081 0 1012 1
0 1012 1 1 1081 0 1012 1
0 1012 1 1 1081 0 1012 1
0 1012 1 1 799 0 1012 1
0 1012 1 1 799 0 1012 1
0 1012 1 1 1041 0 1012 1
0 1012 1 1 1041 0 1012 1
0 1012 1 1 12 0 1012 1
0 1012 1 1 226 0 1012 1
0 1012 1 1 226 0 1012 1
0 1012 1 1 226 0 1012 1
0 1012 1 1 120 0 1012 1
0 1012 1 1 120 0 1012 1
0 1012 1 1 147 0 1012 1
-1
38 3
0 2236 1 1 170 0 2236 1
0 2236 1 1 1 0 2236 1
0 2236 1 1 30 0 2236 1
-1
39 0
-1
40 0
-1
