1 48
0 225 6 1 116 0 225 6
0 225 6 1 87 0 225 6
0 225 6 1 87 0 225 6
0 225 6 1 87 0 225 6
0 225 6 1 16 0 225 6
0 225 6 1 16 0 225 6
0 225 6 1 16 0 225 6
0 225 6 1 16 0 225 6
0 225 6 1 16 0 225 6
0 225 6 1 16 0 225 6
0 225 6 1 16 0 225 6
0 225 6 1 64 0 225 6
0 225 6 1 64 0 225 6
0 225 6 1 64 0 225 6
0 225 6 1 64 0 225 6
0 225 6 1 127 0 225 6
0 225 6 1 127 0 225 6
0 225 6 1 127 0 225 6
0 225 6 1 127 0 225 6
0 225 6 1 152 0 225 6
0 225 6 1 152 0 225 6
0 225 6 1 152 0 225 6
0 225 6 1 152 0 225 6
0 225 6 1 152 0 225 6
0 225 6 1 85 0 225 6
0 225 6 1 85 0 225 6
0 225 6 1 85 0 225 6
0 225 6 1 85 0 225 6
0 225 6 1 85 0 225 6
0 225 6 1 65 0 225 6
0 225 6 1 65 0 225 6
0 225 6 1 65 0 225 6
0 225 6 1 162 0 225 6
0 225 6 1 162 0 225 6
0 225 6 1 162 0 225 6
0 225 6 1 162 0 225 6
0 225 6 1 122 0 225 6
0 225 6 1 122 0 225 6
0 225 6 1 122 0 225 6
0 225 6 1 123 0 225 6
0 225 6 1 160 0 225 6
0 225 6 1 160 0 225 6
0 225 6 1 160 0 225 6
0 225 6 1 160 0 225 6
0 225 6 1 160 0 225 6
0 225 6 1 171 0 225 6
0 225 6 1 171 0 225 6
0 225 6 1 171 0 225 6
-1
2 48
0 240 4 1 116 0 240 4
0 240 4 1 116 0 240 4
0 240 4 1 116 0 240 4
0 240 4 1 87 0 240 4
0 240 4 1 87 0 240 4
0 240 4 1 87 0 240 4
0 240 4 1 16 0 240 4
0 240 4 1 16 0 240 4
0 240 4 1 16 0 240 4
0 240 4 1 64 0 240 4
0 240 4 1 64 0 240 4
0 240 4 1 64 0 240 4
0 240 4 1 127 0 240 4
0 240 4 1 127 0 240 4
0 240 4 1 127 0 240 4
0 240 4 1 127 0 240 4
0 240 4 1 152 0 240 4
0 240 4 1 152 0 240 4
0 240 4 1 152 0 240 4
0 240 4 1 152 0 240 4
0 240 4 1 152 0 240 4
0 240 4 1 152 0 240 4
0 240 4 1 152 0 240 4
0 240 4 1 85 0 240 4
0 240 4 1 85 0 240 4
0 240 4 1 85 0 240 4
0 240 4 1 85 0 240 4
0 240 4 1 85 0 240 4
0 240 4 1 65 0 240 4
0 240 4 1 65 0 240 4
0 240 4 1 65 0 240 4
0 240 4 1 65 0 240 4
0 240 4 1 162 0 240 4
0 240 4 1 162 0 240 4
0 240 4 1 162 0 240 4
0 240 4 1 162 0 240 4
0 240 4 1 122 0 240 4
0 240 4 1 122 0 240 4
0 240 4 1 123 0 240 4
0 240 4 1 123 0 240 4
0 240 4 1 160 0 240 4
0 240 4 1 160 0 240 4
0 240 4 1 171 0 240 4
0 240 4 1 171 0 240 4
0 240 4 1 171 0 240 4
0 240 4 1 171 0 240 4
0 240 4 1 171 0 240 4
0 240 4 1 171 0 240 4
-1
3 46
0 179 2 1 116 0 179 2
0 179 2 1 116 0 179 2
0 179 2 1 116 0 179 2
0 179 2 1 116 0 179 2
0 179 2 1 87 0 179 2
0 179 2 1 87 0 179 2
0 179 2 1 87 0 179 2
0 179 2 1 16 0 179 2
0 179 2 1 16 0 179 2
0 179 2 1 64 0 179 2
0 179 2 1 127 0 179 2
0 179 2 1 127 0 179 2
0 179 2 1 152 0 179 2
0 179 2 1 152 0 179 2
0 179 2 1 85 0 179 2
0 179 2 1 85 0 179 2
0 179 2 1 85 0 179 2
0 179 2 1 85 0 179 2
0 179 2 1 85 0 179 2
0 179 2 1 85 0 179 2
0 179 2 1 65 0 179 2
0 179 2 1 65 0 179 2
0 179 2 1 65 0 179 2
0 179 2 1 65 0 179 2
0 179 2 1 65 0 179 2
0 179 2 1 162 0 179 2
0 179 2 1 162 0 179 2
0 179 2 1 122 0 179 2
0 179 2 1 122 0 179 2
0 179 2 1 122 0 179 2
0 179 2 1 122 0 179 2
0 179 2 1 122 0 179 2
0 179 2 1 122 0 179 2
0 179 2 1 123 0 179 2
0 179 2 1 123 0 179 2
0 179 2 1 123 0 179 2
0 179 2 1 123 0 179 2
0 179 2 1 160 0 179 2
0 179 2 1 160 0 179 2
0 179 2 1 160 0 179 2
0 179 2 1 171 0 179 2
0 179 2 1 171 0 179 2
0 179 2 1 171 0 179 2
0 179 2 1 171 0 179 2
0 179 2 1 107 0 179 2
0 179 2 1 107 0 179 2
-1
4 48
0 236 0 1 116 0 236 0
0 236 0 1 116 0 236 0
0 236 0 1 116 0 236 0
0 236 0 1 87 0 236 0
0 236 0 1 87 0 236 0
0 236 0 1 87 0 236 0
0 236 0 1 87 0 236 0
0 236 0 1 16 0 236 0
0 236 0 1 16 0 236 0
0 236 0 1 16 0 236 0
0 236 0 1 64 0 236 0
0 236 0 1 64 0 236 0
0 236 0 1 127 0 236 0
0 236 0 1 127 0 236 0
0 236 0 1 127 0 236 0
0 236 0 1 152 0 236 0
0 236 0 1 152 0 236 0
0 236 0 1 152 0 236 0
0 236 0 1 152 0 236 0
0 236 0 1 152 0 236 0
0 236 0 1 85 0 236 0
0 236 0 1 85 0 236 0
0 236 0 1 85 0 236 0
0 236 0 1 65 0 236 0
0 236 0 1 65 0 236 0
0 236 0 1 65 0 236 0
0 236 0 1 65 0 236 0
0 236 0 1 65 0 236 0
0 236 0 1 65 0 236 0
0 236 0 1 65 0 236 0
0 236 0 1 65 0 236 0
0 236 0 1 65 0 236 0
0 236 0 1 65 0 236 0
0 236 0 1 162 0 236 0
0 236 0 1 162 0 236 0
0 236 0 1 162 0 236 0
0 236 0 1 162 0 236 0
0 236 0 1 162 0 236 0
0 236 0 1 122 0 236 0
0 236 0 1 122 0 236 0
0 236 0 1 122 0 236 0
0 236 0 1 122 0 236 0
0 236 0 1 123 0 236 0
0 236 0 1 123 0 236 0
0 236 0 1 123 0 236 0
0 236 0 1 160 0 236 0
0 236 0 1 160 0 236 0
0 236 0 1 171 0 236 0
-1
5 48
0 186 0 1 116 0 186 0
0 186 0 1 116 0 186 0
0 186 0 1 116 0 186 0
0 186 0 1 116 0 186 0
0 186 0 1 87 0 186 0
0 186 0 1 87 0 186 0
0 186 0 1 87 0 186 0
0 186 0 1 16 0 186 0
0 186 0 1 16 0 186 0
0 186 0 1 127 0 186 0
0 186 0 1 127 0 186 0
0 186 0 1 127 0 186 0
0 186 0 1 127 0 186 0
0 186 0 1 127 0 186 0
0 186 0 1 127 0 186 0
0 186 0 1 152 0 186 0
0 186 0 1 152 0 186 0
0 186 0 1 152 0 186 0
0 186 0 1 152 0 186 0
0 186 0 1 152 0 186 0
0 186 0 1 152 0 186 0
0 186 0 1 85 0 186 0
0 186 0 1 85 0 186 0
0 186 0 1 85 0 186 0
0 186 0 1 85 0 186 0
0 186 0 1 85 0 186 0
0 186 0 1 85 0 186 0
0 186 0 1 85 0 186 0
0 186 0 1 85 0 186 0
0 186 0 1 65 0 186 0
0 186 0 1 65 0 186 0
0 186 0 1 65 0 186 0
0 186 0 1 65 0 186 0
0 186 0 1 122 0 186 0
0 186 0 1 122 0 186 0
0 186 0 1 122 0 186 0
0 186 0 1 123 0 186 0
0 186 0 1 123 0 186 0
0 186 0 1 123 0 186 0
0 186 0 1 160 0 186 0
0 186 0 1 160 0 186 0
0 186 0 1 160 0 186 0
0 186 0 1 171 0 186 0
0 186 0 1 171 0 186 0
0 186 0 1 171 0 186 0
0 186 0 1 171 0 186 0
0 186 0 1 171 0 186 0
0 186 0 1 107 0 186 0
-1
6 47
0 201 6 1 116 0 201 6
0 201 6 1 116 0 201 6
0 201 6 1 116 0 201 6
0 201 6 1 116 0 201 6
0 201 6 1 87 0 201 6
0 201 6 1 87 0 201 6
0 201 6 1 87 0 201 6
0 201 6 1 16 0 201 6
0 201 6 1 16 0 201 6
0 201 6 1 16 0 201 6
0 201 6 1 16 0 201 6
0 201 6 1 64 0 201 6
0 201 6 1 64 0 201 6
0 201 6 1 127 0 201 6
0 201 6 1 127 0 201 6
0 201 6 1 152 0 201 6
0 201 6 1 152 0 201 6
0 201 6 1 85 0 201 6
0 201 6 1 85 0 201 6
0 201 6 1 85 0 201 6
0 201 6 1 65 0 201 6
0 201 6 1 65 0 201 6
0 201 6 1 65 0 201 6
0 201 6 1 162 0 201 6
0 201 6 1 162 0 201 6
0 201 6 1 162 0 201 6
0 201 6 1 162 0 201 6
0 201 6 1 162 0 201 6
0 201 6 1 162 0 201 6
0 201 6 1 162 0 201 6
0 201 6 1 122 0 201 6
0 201 6 1 122 0 201 6
0 201 6 1 123 0 201 6
0 201 6 1 123 0 201 6
0 201 6 1 123 0 201 6
0 201 6 1 123 0 201 6
0 201 6 1 160 0 201 6
0 201 6 1 160 0 201 6
0 201 6 1 160 0 201 6
0 201 6 1 171 0 201 6
0 201 6 1 171 0 201 6
0 201 6 1 171 0 201 6
0 201 6 1 171 0 201 6
0 201 6 1 107 0 201 6
0 201 6 1 107 0 201 6
0 201 6 1 107 0 201 6
0 48 723 1 64 0 48 723
-1
7 47
0 187 8 1 116 0 187 8
0 187 8 1 116 0 187 8
0 187 8 1 116 0 187 8
0 187 8 1 87 0 187 8
0 187 8 1 87 0 187 8
0 187 8 1 87 0 187 8
0 187 8 1 16 0 187 8
0 187 8 1 16 0 187 8
0 187 8 1 16 0 187 8
0 187 8 1 16 0 187 8
0 187 8 1 16 0 187 8
0 187 8 1 64 0 187 8
0 187 8 1 64 0 187 8
0 187 8 1 127 0 187 8
0 187 8 1 127 0 187 8
0 187 8 1 127 0 187 8
0 187 8 1 152 0 187 8
0 187 8 1 152 0 187 8
0 187 8 1 152 0 187 8
0 187 8 1 85 0 187 8
0 187 8 1 85 0 187 8
0 187 8 1 85 0 187 8
0 187 8 1 85 0 187 8
0 187 8 1 65 0 187 8
0 187 8 1 65 0 187 8
0 187 8 1 162 0 187 8
0 187 8 1 162 0 187 8
0 187 8 1 162 0 187 8
0 187 8 1 162 0 187 8
0 187 8 1 162 0 187 8
0 187 8 1 122 0 187 8
0 187 8 1 122 0 187 8
0 187 8 1 122 0 187 8
0 187 8 1 122 0 187 8
0 187 8 1 122 0 187 8
0 187 8 1 123 0 187 8
0 187 8 1 123 0 187 8
0 187 8 1 123 0 187 8
0 187 8 1 123 0 187 8
0 187 8 1 160 0 187 8
0 187 8 1 160 0 187 8
0 187 8 1 171 0 187 8
0 187 8 1 171 0 187 8
0 187 8 1 171 0 187 8
0 187 8 1 107 0 187 8
0 187 8 1 107 0 187 8
0 187 8 1 107 0 187 8
-1
8 48
0 121 6 1 116 0 121 6
0 121 6 1 116 0 121 6
0 121 6 1 87 0 121 6
0 121 6 1 87 0 121 6
0 121 6 1 87 0 121 6
0 121 6 1 87 0 121 6
0 121 6 1 87 0 121 6
0 121 6 1 87 0 121 6
0 121 6 1 64 0 121 6
0 121 6 1 64 0 121 6
0 121 6 1 64 0 121 6
0 121 6 1 64 0 121 6
0 121 6 1 127 0 121 6
0 121 6 1 127 0 121 6
0 121 6 1 127 0 121 6
0 121 6 1 152 0 121 6
0 121 6 1 152 0 121 6
0 121 6 1 152 0 121 6
0 121 6 1 85 0 121 6
0 121 6 1 85 0 121 6
0 121 6 1 85 0 121 6
0 121 6 1 85 0 121 6
0 121 6 1 85 0 121 6
0 121 6 1 85 0 121 6
0 121 6 1 85 0 121 6
0 121 6 1 65 0 121 6
0 121 6 1 65 0 121 6
0 121 6 1 65 0 121 6
0 121 6 1 65 0 121 6
0 121 6 1 65 0 121 6
0 121 6 1 65 0 121 6
0 121 6 1 65 0 121 6
0 121 6 1 162 0 121 6
0 121 6 1 162 0 121 6
0 121 6 1 122 0 121 6
0 121 6 1 122 0 121 6
0 121 6 1 122 0 121 6
0 121 6 1 122 0 121 6
0 121 6 1 123 0 121 6
0 121 6 1 123 0 121 6
0 121 6 1 123 0 121 6
0 121 6 1 160 0 121 6
0 121 6 1 160 0 121 6
0 121 6 1 160 0 121 6
0 121 6 1 160 0 121 6
0 121 6 1 171 0 121 6
0 121 6 1 171 0 121 6
0 37 846 1 152 0 37 846
-1
9 48
0 166 2 1 116 0 166 2
0 166 2 1 116 0 166 2
0 166 2 1 116 0 166 2
0 166 2 1 116 0 166 2
0 166 2 1 87 0 166 2
0 166 2 1 87 0 166 2
0 166 2 1 87 0 166 2
0 166 2 1 87 0 166 2
0 166 2 1 16 0 166 2
0 166 2 1 16 0 166 2
0 166 2 1 16 0 166 2
0 166 2 1 64 0 166 2
0 166 2 1 64 0 166 2
0 166 2 1 64 0 166 2
0 166 2 1 64 0 166 2
0 166 2 1 64 0 166 2
0 166 2 1 127 0 166 2
0 166 2 1 127 0 166 2
0 166 2 1 127 0 166 2
0 166 2 1 127 0 166 2
0 166 2 1 152 0 166 2
0 166 2 1 152 0 166 2
0 166 2 1 85 0 166 2
0 166 2 1 85 0 166 2
0 166 2 1 85 0 166 2
0 166 2 1 65 0 166 2
0 166 2 1 65 0 166 2
0 166 2 1 65 0 166 2
0 166 2 1 65 0 166 2
0 166 2 1 65 0 166 2
0 166 2 1 162 0 166 2
0 166 2 1 162 0 166 2
0 166 2 1 162 0 166 2
0 166 2 1 123 0 166 2
0 166 2 1 123 0 166 2
0 166 2 1 160 0 166 2
0 166 2 1 171 0 166 2
0 166 2 1 171 0 166 2
0 166 2 1 171 0 166 2
0 166 2 1 171 0 166 2
0 166 2 1 171 0 166 2
0 166 2 1 171 0 166 2
0 166 2 1 107 0 166 2
0 166 2 1 107 0 166 2
0 166 2 1 107 0 166 2
0 166 2 1 107 0 166 2
0 166 2 1 107 0 166 2
0 166 2 1 107 0 166 2
-1
10 46
0 266 6 1 116 0 266 6
0 266 6 1 116 0 266 6
0 266 6 1 116 0 266 6
0 266 6 1 87 0 266 6
0 266 6 1 87 0 266 6
0 266 6 1 87 0 266 6
0 266 6 1 16 0 266 6
0 266 6 1 16 0 266 6
0 266 6 1 16 0 266 6
0 266 6 1 64 0 266 6
0 266 6 1 64 0 266 6
0 266 6 1 127 0 266 6
0 266 6 1 127 0 266 6
0 266 6 1 127 0 266 6
0 266 6 1 127 0 266 6
0 266 6 1 152 0 266 6
0 266 6 1 152 0 266 6
0 266 6 1 85 0 266 6
0 266 6 1 85 0 266 6
0 266 6 1 85 0 266 6
0 266 6 1 65 0 266 6
0 266 6 1 65 0 266 6
0 266 6 1 162 0 266 6
0 266 6 1 122 0 266 6
0 266 6 1 122 0 266 6
0 266 6 1 122 0 266 6
0 266 6 1 122 0 266 6
0 266 6 1 122 0 266 6
0 266 6 1 122 0 266 6
0 266 6 1 123 0 266 6
0 266 6 1 123 0 266 6
0 266 6 1 123 0 266 6
0 266 6 1 123 0 266 6
0 266 6 1 123 0 266 6
0 266 6 1 160 0 266 6
0 266 6 1 160 0 266 6
0 266 6 1 160 0 266 6
0 266 6 1 160 0 266 6
0 266 6 1 171 0 266 6
0 266 6 1 171 0 266 6
0 266 6 1 171 0 266 6
0 266 6 1 171 0 266 6
0 266 6 1 171 0 266 6
0 266 6 1 107 0 266 6
0 266 6 1 107 0 266 6
0 57 1909 2 87 0 32 916 127 0 25 993
-1
11 47
0 196 0 1 116 0 196 0
0 196 0 1 87 0 196 0
0 196 0 1 87 0 196 0
0 196 0 1 87 0 196 0
0 196 0 1 87 0 196 0
0 196 0 1 87 0 196 0
0 196 0 1 87 0 196 0
0 196 0 1 16 0 196 0
0 196 0 1 16 0 196 0
0 196 0 1 16 0 196 0
0 196 0 1 64 0 196 0
0 196 0 1 64 0 196 0
0 196 0 1 64 0 196 0
0 196 0 1 127 0 196 0
0 196 0 1 127 0 196 0
0 196 0 1 127 0 196 0
0 196 0 1 152 0 196 0
0 196 0 1 152 0 196 0
0 196 0 1 152 0 196 0
0 196 0 1 152 0 196 0
0 196 0 1 152 0 196 0
0 196 0 1 85 0 196 0
0 196 0 1 85 0 196 0
0 196 0 1 65 0 196 0
0 196 0 1 65 0 196 0
0 196 0 1 65 0 196 0
0 196 0 1 65 0 196 0
0 196 0 1 65 0 196 0
0 196 0 1 162 0 196 0
0 196 0 1 162 0 196 0
0 196 0 1 162 0 196 0
0 196 0 1 162 0 196 0
0 196 0 1 122 0 196 0
0 196 0 1 122 0 196 0
0 196 0 1 123 0 196 0
0 196 0 1 123 0 196 0
0 196 0 1 123 0 196 0
0 196 0 1 123 0 196 0
0 196 0 1 123 0 196 0
0 196 0 1 123 0 196 0
0 196 0 1 160 0 196 0
0 196 0 1 160 0 196 0
0 196 0 1 160 0 196 0
0 196 0 1 171 0 196 0
0 196 0 1 171 0 196 0
0 196 0 1 171 0 196 0
0 196 0 1 171 0 196 0
-1
12 50
9 109 4 1 116 9 109 4
9 109 4 1 116 9 109 4
9 109 4 1 116 9 109 4
9 109 4 1 87 9 109 4
9 109 4 1 87 9 109 4
9 109 4 1 87 9 109 4
9 109 4 1 87 9 109 4
9 109 4 1 87 9 109 4
9 109 4 1 87 9 109 4
9 109 4 1 16 9 109 4
9 109 4 1 16 9 109 4
9 109 4 1 16 9 109 4
9 109 4 1 16 9 109 4
9 109 4 1 64 9 109 4
9 109 4 1 64 9 109 4
9 109 4 1 64 9 109 4
9 109 4 1 64 9 109 4
9 109 4 1 64 9 109 4
9 109 4 1 127 9 109 4
9 109 4 1 127 9 109 4
9 109 4 1 127 9 109 4
9 109 4 1 127 9 109 4
9 109 4 1 152 9 109 4
9 109 4 1 152 9 109 4
9 109 4 1 152 9 109 4
9 109 4 1 152 9 109 4
9 109 4 1 85 9 109 4
9 109 4 1 85 9 109 4
9 109 4 1 85 9 109 4
9 109 4 1 85 9 109 4
9 109 4 1 65 9 109 4
9 109 4 1 65 9 109 4
9 109 4 1 162 9 109 4
9 109 4 1 162 9 109 4
9 109 4 1 162 9 109 4
9 109 4 1 122 9 109 4
9 109 4 1 122 9 109 4
9 109 4 1 122 9 109 4
9 109 4 1 122 9 109 4
9 109 4 1 122 9 109 4
9 109 4 1 122 9 109 4
9 109 4 1 123 9 109 4
9 109 4 1 123 9 109 4
9 109 4 1 123 9 109 4
9 109 4 1 160 9 109 4
9 109 4 1 160 9 109 4
9 109 4 1 160 9 109 4
9 109 4 1 160 9 109 4
9 109 4 1 171 9 109 4
9 105 44 1 162 9 105 44
-1
13 46
0 240 2 1 116 0 240 2
0 240 2 1 116 0 240 2
0 240 2 1 116 0 240 2
0 240 2 1 116 0 240 2
0 240 2 1 87 0 240 2
0 240 2 1 87 0 240 2
0 240 2 1 16 0 240 2
0 240 2 1 16 0 240 2
0 240 2 1 64 0 240 2
0 240 2 1 64 0 240 2
0 240 2 1 127 0 240 2
0 240 2 1 127 0 240 2
0 240 2 1 127 0 240 2
0 240 2 1 152 0 240 2
0 240 2 1 152 0 240 2
0 240 2 1 152 0 240 2
0 240 2 1 152 0 240 2
0 240 2 1 152 0 240 2
0 240 2 1 152 0 240 2
0 240 2 1 85 0 240 2
0 240 2 1 65 0 240 2
0 240 2 1 65 0 240 2
0 240 2 1 65 0 240 2
0 240 2 1 65 0 240 2
0 240 2 1 162 0 240 2
0 240 2 1 162 0 240 2
0 240 2 1 162 0 240 2
0 240 2 1 162 0 240 2
0 240 2 1 162 0 240 2
0 240 2 1 162 0 240 2
0 240 2 1 162 0 240 2
0 240 2 1 122 0 240 2
0 240 2 1 122 0 240 2
0 240 2 1 122 0 240 2
0 240 2 1 123 0 240 2
0 240 2 1 160 0 240 2
0 240 2 1 160 0 240 2
0 240 2 1 171 0 240 2
0 240 2 1 171 0 240 2
0 240 2 1 171 0 240 2
0 240 2 1 171 0 240 2
0 240 2 1 107 0 240 2
0 240 2 1 107 0 240 2
0 240 2 1 107 0 240 2
0 240 2 1 107 0 240 2
0 240 2 1 107 0 240 2
-1
14 50
0 220 6 1 116 0 220 6
0 220 6 1 116 0 220 6
0 220 6 1 116 0 220 6
0 220 6 1 116 0 220 6
0 220 6 1 116 0 220 6
0 220 6 1 87 0 220 6
0 220 6 1 16 0 220 6
0 220 6 1 16 0 220 6
0 220 6 1 64 0 220 6
0 220 6 1 64 0 220 6
0 220 6 1 64 0 220 6
0 220 6 1 64 0 220 6
0 220 6 1 64 0 220 6
0 220 6 1 64 0 220 6
0 220 6 1 127 0 220 6
0 220 6 1 127 0 220 6
0 220 6 1 127 0 220 6
0 220 6 1 127 0 220 6
0 220 6 1 127 0 220 6
0 220 6 1 127 0 220 6
0 220 6 1 152 0 220 6
0 220 6 1 152 0 220 6
0 220 6 1 152 0 220 6
0 220 6 1 85 0 220 6
0 220 6 1 85 0 220 6
0 220 6 1 85 0 220 6
0 220 6 1 85 0 220 6
0 220 6 1 85 0 220 6
0 220 6 1 65 0 220 6
0 220 6 1 65 0 220 6
0 220 6 1 65 0 220 6
0 220 6 1 65 0 220 6
0 220 6 1 162 0 220 6
0 220 6 1 162 0 220 6
0 220 6 1 162 0 220 6
0 220 6 1 162 0 220 6
0 220 6 1 122 0 220 6
0 220 6 1 122 0 220 6
0 220 6 1 122 0 220 6
0 220 6 1 122 0 220 6
0 220 6 1 122 0 220 6
0 220 6 1 122 0 220 6
0 220 6 1 122 0 220 6
0 220 6 1 123 0 220 6
0 220 6 1 123 0 220 6
0 220 6 1 123 0 220 6
0 220 6 1 160 0 220 6
0 220 6 1 160 0 220 6
0 220 6 1 171 0 220 6
0 60 882 1 116 0 60 882
-1
15 46
0 190 6 1 116 0 190 6
0 190 6 1 116 0 190 6
0 190 6 1 116 0 190 6
0 190 6 1 116 0 190 6
0 190 6 1 87 0 190 6
0 190 6 1 87 0 190 6
0 190 6 1 87 0 190 6
0 190 6 1 16 0 190 6
0 190 6 1 16 0 190 6
0 190 6 1 64 0 190 6
0 190 6 1 127 0 190 6
0 190 6 1 127 0 190 6
0 190 6 1 127 0 190 6
0 190 6 1 152 0 190 6
0 190 6 1 152 0 190 6
0 190 6 1 152 0 190 6
0 190 6 1 85 0 190 6
0 190 6 1 65 0 190 6
0 190 6 1 65 0 190 6
0 190 6 1 65 0 190 6
0 190 6 1 162 0 190 6
0 190 6 1 162 0 190 6
0 190 6 1 162 0 190 6
0 190 6 1 162 0 190 6
0 190 6 1 162 0 190 6
0 190 6 1 162 0 190 6
0 190 6 1 162 0 190 6
0 190 6 1 162 0 190 6
0 190 6 1 122 0 190 6
0 190 6 1 122 0 190 6
0 190 6 1 122 0 190 6
0 190 6 1 122 0 190 6
0 190 6 1 122 0 190 6
0 190 6 1 122 0 190 6
0 190 6 1 123 0 190 6
0 190 6 1 123 0 190 6
0 190 6 1 123 0 190 6
0 190 6 1 160 0 190 6
0 190 6 1 160 0 190 6
0 190 6 1 160 0 190 6
0 190 6 1 171 0 190 6
0 190 6 1 171 0 190 6
0 190 6 1 171 0 190 6
0 190 6 1 171 0 190 6
0 190 6 1 171 0 190 6
0 46 1049 1 85 0 46 1049
-1
