1 58
0 196 6 1 826 0 196 6
0 196 6 1 826 0 196 6
0 196 6 1 178 0 196 6
0 196 6 1 990 0 196 6
0 196 6 1 901 0 196 6
0 196 6 1 901 0 196 6
0 196 6 1 1076 0 196 6
0 196 6 1 1076 0 196 6
0 196 6 1 744 0 196 6
0 196 6 1 548 0 196 6
0 196 6 1 280 0 196 6
0 196 6 1 280 0 196 6
0 196 6 1 280 0 196 6
0 196 6 1 280 0 196 6
0 196 6 1 567 0 196 6
0 196 6 1 567 0 196 6
0 196 6 1 1096 0 196 6
0 196 6 1 1096 0 196 6
0 196 6 1 150 0 196 6
0 196 6 1 771 0 196 6
0 196 6 1 771 0 196 6
0 196 6 1 1033 0 196 6
0 196 6 1 553 0 196 6
0 196 6 1 553 0 196 6
0 196 6 1 553 0 196 6
0 196 6 1 745 0 196 6
0 196 6 1 1044 0 196 6
0 196 6 1 140 0 196 6
0 196 6 1 643 0 196 6
0 196 6 1 952 0 196 6
0 196 6 1 1110 0 196 6
0 196 6 1 1110 0 196 6
0 196 6 1 1110 0 196 6
0 196 6 1 1142 0 196 6
0 196 6 1 61 0 196 6
0 196 6 1 106 0 196 6
0 196 6 1 106 0 196 6
0 196 6 1 106 0 196 6
0 196 6 1 62 0 196 6
0 196 6 1 62 0 196 6
0 196 6 1 92 0 196 6
0 196 6 1 708 0 196 6
0 196 6 1 98 0 196 6
0 196 6 1 98 0 196 6
0 196 6 1 502 0 196 6
0 196 6 1 502 0 196 6
0 196 6 1 828 0 196 6
0 196 6 1 828 0 196 6
0 196 6 1 828 0 196 6
0 196 6 1 265 0 196 6
0 196 6 1 714 0 196 6
0 196 6 1 1026 0 196 6
0 196 6 1 1026 0 196 6
0 196 6 1 1020 0 196 6
0 196 6 1 1020 0 196 6
0 196 6 1 1020 0 196 6
0 196 6 1 88 0 196 6
0 196 6 1 1035 0 196 6
-1
2 57
0 103 4 1 826 0 103 4
0 103 4 1 826 0 103 4
0 103 4 1 756 0 103 4
0 103 4 1 756 0 103 4
0 103 4 1 990 0 103 4
0 103 4 1 990 0 103 4
0 103 4 1 901 0 103 4
0 103 4 1 1076 0 103 4
0 103 4 1 744 0 103 4
0 103 4 1 548 0 103 4
0 103 4 1 548 0 103 4
0 103 4 1 548 0 103 4
0 103 4 1 1102 0 103 4
0 103 4 1 1102 0 103 4
0 103 4 1 280 0 103 4
0 103 4 1 567 0 103 4
0 103 4 1 567 0 103 4
0 103 4 1 1096 0 103 4
0 103 4 1 150 0 103 4
0 103 4 1 150 0 103 4
0 103 4 1 1033 0 103 4
0 103 4 1 553 0 103 4
0 103 4 1 745 0 103 4
0 103 4 1 1064 0 103 4
0 103 4 1 1064 0 103 4
0 103 4 1 140 0 103 4
0 103 4 1 140 0 103 4
0 103 4 1 643 0 103 4
0 103 4 1 952 0 103 4
0 103 4 1 1142 0 103 4
0 103 4 1 1142 0 103 4
0 103 4 1 61 0 103 4
0 103 4 1 106 0 103 4
0 103 4 1 106 0 103 4
0 103 4 1 62 0 103 4
0 103 4 1 62 0 103 4
0 103 4 1 92 0 103 4
0 103 4 1 92 0 103 4
0 103 4 1 92 0 103 4
0 103 4 1 708 0 103 4
0 103 4 1 98 0 103 4
0 103 4 1 98 0 103 4
0 103 4 1 265 0 103 4
0 103 4 1 265 0 103 4
0 103 4 1 689 0 103 4
0 103 4 1 689 0 103 4
0 103 4 1 1026 0 103 4
0 103 4 1 88 0 103 4
0 103 4 1 88 0 103 4
0 103 4 1 1158 0 103 4
0 103 4 1 1158 0 103 4
0 103 4 1 1158 0 103 4
0 103 4 1 1158 0 103 4
0 103 4 1 1035 0 103 4
0 103 4 1 1035 0 103 4
0 103 4 1 1035 0 103 4
0 103 4 1 1035 0 103 4
-1
3 56
0 105 8 1 826 0 105 8
0 105 8 1 990 0 105 8
0 105 8 1 990 0 105 8
0 105 8 1 990 0 105 8
0 105 8 1 901 0 105 8
0 105 8 1 1076 0 105 8
0 105 8 1 1076 0 105 8
0 105 8 1 1076 0 105 8
0 105 8 1 548 0 105 8
0 105 8 1 1102 0 105 8
0 105 8 1 567 0 105 8
0 105 8 1 1096 0 105 8
0 105 8 1 150 0 105 8
0 105 8 1 150 0 105 8
0 105 8 1 771 0 105 8
0 105 8 1 771 0 105 8
0 105 8 1 1033 0 105 8
0 105 8 1 1033 0 105 8
0 105 8 1 553 0 105 8
0 105 8 1 745 0 105 8
0 105 8 1 745 0 105 8
0 105 8 1 745 0 105 8
0 105 8 1 1044 0 105 8
0 105 8 1 140 0 105 8
0 105 8 1 643 0 105 8
0 105 8 1 643 0 105 8
0 105 8 1 952 0 105 8
0 105 8 1 1142 0 105 8
0 105 8 1 106 0 105 8
0 105 8 1 106 0 105 8
0 105 8 1 62 0 105 8
0 105 8 1 92 0 105 8
0 105 8 1 92 0 105 8
0 105 8 1 92 0 105 8
0 105 8 1 708 0 105 8
0 105 8 1 708 0 105 8
0 105 8 1 98 0 105 8
0 105 8 1 98 0 105 8
0 105 8 1 828 0 105 8
0 105 8 1 689 0 105 8
0 105 8 1 689 0 105 8
0 105 8 1 714 0 105 8
0 105 8 1 714 0 105 8
0 105 8 1 1020 0 105 8
0 105 8 1 285 0 105 8
0 105 8 1 285 0 105 8
0 105 8 1 285 0 105 8
0 105 8 1 458 0 105 8
0 105 8 1 88 0 105 8
0 105 8 1 88 0 105 8
0 105 8 1 88 0 105 8
0 105 8 1 1158 0 105 8
0 105 8 1 1035 0 105 8
0 105 8 1 1035 0 105 8
0 105 8 1 1035 0 105 8
0 54 518 1 140 0 54 518
-1
4 56
0 267 8 1 178 0 267 8
0 267 8 1 178 0 267 8
0 267 8 1 178 0 267 8
0 267 8 1 990 0 267 8
0 267 8 1 901 0 267 8
0 267 8 1 901 0 267 8
0 267 8 1 1076 0 267 8
0 267 8 1 1076 0 267 8
0 267 8 1 744 0 267 8
0 267 8 1 548 0 267 8
0 267 8 1 548 0 267 8
0 267 8 1 280 0 267 8
0 267 8 1 567 0 267 8
0 267 8 1 1096 0 267 8
0 267 8 1 1096 0 267 8
0 267 8 1 1096 0 267 8
0 267 8 1 150 0 267 8
0 267 8 1 771 0 267 8
0 267 8 1 771 0 267 8
0 267 8 1 553 0 267 8
0 267 8 1 745 0 267 8
0 267 8 1 1064 0 267 8
0 267 8 1 1044 0 267 8
0 267 8 1 1044 0 267 8
0 267 8 1 643 0 267 8
0 267 8 1 952 0 267 8
0 267 8 1 952 0 267 8
0 267 8 1 1110 0 267 8
0 267 8 1 1142 0 267 8
0 267 8 1 1142 0 267 8
0 267 8 1 1142 0 267 8
0 267 8 1 61 0 267 8
0 267 8 1 106 0 267 8
0 267 8 1 92 0 267 8
0 267 8 1 92 0 267 8
0 267 8 1 92 0 267 8
0 267 8 1 98 0 267 8
0 267 8 1 98 0 267 8
0 267 8 1 828 0 267 8
0 267 8 1 265 0 267 8
0 267 8 1 265 0 267 8
0 267 8 1 714 0 267 8
0 267 8 1 714 0 267 8
0 267 8 1 1026 0 267 8
0 267 8 1 1020 0 267 8
0 267 8 1 1020 0 267 8
0 267 8 1 458 0 267 8
0 267 8 1 458 0 267 8
0 267 8 1 458 0 267 8
0 267 8 1 88 0 267 8
0 267 8 1 88 0 267 8
0 267 8 1 1158 0 267 8
0 267 8 1 1158 0 267 8
0 267 8 1 1035 0 267 8
0 267 8 1 1035 0 267 8
0 267 8 1 1035 0 267 8
-1
5 57
0 188 8 1 826 0 188 8
0 188 8 1 178 0 188 8
0 188 8 1 756 0 188 8
0 188 8 1 990 0 188 8
0 188 8 1 990 0 188 8
0 188 8 1 1076 0 188 8
0 188 8 1 1076 0 188 8
0 188 8 1 744 0 188 8
0 188 8 1 548 0 188 8
0 188 8 1 548 0 188 8
0 188 8 1 548 0 188 8
0 188 8 1 548 0 188 8
0 188 8 1 1102 0 188 8
0 188 8 1 1102 0 188 8
0 188 8 1 280 0 188 8
0 188 8 1 280 0 188 8
0 188 8 1 280 0 188 8
0 188 8 1 567 0 188 8
0 188 8 1 567 0 188 8
0 188 8 1 1096 0 188 8
0 188 8 1 150 0 188 8
0 188 8 1 771 0 188 8
0 188 8 1 745 0 188 8
0 188 8 1 745 0 188 8
0 188 8 1 1064 0 188 8
0 188 8 1 1044 0 188 8
0 188 8 1 140 0 188 8
0 188 8 1 643 0 188 8
0 188 8 1 952 0 188 8
0 188 8 1 952 0 188 8
0 188 8 1 1142 0 188 8
0 188 8 1 61 0 188 8
0 188 8 1 61 0 188 8
0 188 8 1 62 0 188 8
0 188 8 1 62 0 188 8
0 188 8 1 62 0 188 8
0 188 8 1 31 0 188 8
0 188 8 1 98 0 188 8
0 188 8 1 98 0 188 8
0 188 8 1 502 0 188 8
0 188 8 1 828 0 188 8
0 188 8 1 265 0 188 8
0 188 8 1 714 0 188 8
0 188 8 1 1026 0 188 8
0 188 8 1 1020 0 188 8
0 188 8 1 285 0 188 8
0 188 8 1 285 0 188 8
0 188 8 1 285 0 188 8
0 188 8 1 458 0 188 8
0 188 8 1 88 0 188 8
0 188 8 1 1158 0 188 8
0 188 8 1 1158 0 188 8
0 188 8 1 1158 0 188 8
0 188 8 1 1035 0 188 8
0 188 8 1 1035 0 188 8
0 188 8 1 1035 0 188 8
0 188 8 1 1035 0 188 8
-1
6 56
0 161 8 1 826 0 161 8
0 161 8 1 826 0 161 8
0 161 8 1 178 0 161 8
0 161 8 1 990 0 161 8
0 161 8 1 990 0 161 8
0 161 8 1 901 0 161 8
0 161 8 1 1076 0 161 8
0 161 8 1 744 0 161 8
0 161 8 1 280 0 161 8
0 161 8 1 567 0 161 8
0 161 8 1 567 0 161 8
0 161 8 1 567 0 161 8
0 161 8 1 1096 0 161 8
0 161 8 1 150 0 161 8
0 161 8 1 150 0 161 8
0 161 8 1 771 0 161 8
0 161 8 1 771 0 161 8
0 161 8 1 771 0 161 8
0 161 8 1 553 0 161 8
0 161 8 1 745 0 161 8
0 161 8 1 745 0 161 8
0 161 8 1 1044 0 161 8
0 161 8 1 643 0 161 8
0 161 8 1 643 0 161 8
0 161 8 1 1110 0 161 8
0 161 8 1 1110 0 161 8
0 161 8 1 1110 0 161 8
0 161 8 1 1142 0 161 8
0 161 8 1 61 0 161 8
0 161 8 1 106 0 161 8
0 161 8 1 106 0 161 8
0 161 8 1 62 0 161 8
0 161 8 1 92 0 161 8
0 161 8 1 31 0 161 8
0 161 8 1 31 0 161 8
0 161 8 1 31 0 161 8
0 161 8 1 708 0 161 8
0 161 8 1 502 0 161 8
0 161 8 1 502 0 161 8
0 161 8 1 502 0 161 8
0 161 8 1 502 0 161 8
0 161 8 1 828 0 161 8
0 161 8 1 265 0 161 8
0 161 8 1 689 0 161 8
0 161 8 1 689 0 161 8
0 161 8 1 1026 0 161 8
0 161 8 1 1026 0 161 8
0 161 8 1 1020 0 161 8
0 161 8 1 1020 0 161 8
0 161 8 1 458 0 161 8
0 161 8 1 458 0 161 8
0 161 8 1 88 0 161 8
0 161 8 1 1158 0 161 8
0 161 8 1 1158 0 161 8
0 161 8 1 1035 0 161 8
0 161 8 1 1035 0 161 8
-1
7 60
0 199 6 1 826 0 199 6
0 199 6 1 826 0 199 6
0 199 6 1 826 0 199 6
0 199 6 1 178 0 199 6
0 199 6 1 756 0 199 6
0 199 6 1 901 0 199 6
0 199 6 1 901 0 199 6
0 199 6 1 1076 0 199 6
0 199 6 1 1076 0 199 6
0 199 6 1 548 0 199 6
0 199 6 1 1102 0 199 6
0 199 6 1 280 0 199 6
0 199 6 1 280 0 199 6
0 199 6 1 280 0 199 6
0 199 6 1 280 0 199 6
0 199 6 1 567 0 199 6
0 199 6 1 1096 0 199 6
0 199 6 1 150 0 199 6
0 199 6 1 150 0 199 6
0 199 6 1 771 0 199 6
0 199 6 1 771 0 199 6
0 199 6 1 1033 0 199 6
0 199 6 1 1033 0 199 6
0 199 6 1 553 0 199 6
0 199 6 1 745 0 199 6
0 199 6 1 1044 0 199 6
0 199 6 1 1044 0 199 6
0 199 6 1 140 0 199 6
0 199 6 1 643 0 199 6
0 199 6 1 952 0 199 6
0 199 6 1 952 0 199 6
0 199 6 1 952 0 199 6
0 199 6 1 1110 0 199 6
0 199 6 1 1110 0 199 6
0 199 6 1 1142 0 199 6
0 199 6 1 106 0 199 6
0 199 6 1 62 0 199 6
0 199 6 1 92 0 199 6
0 199 6 1 708 0 199 6
0 199 6 1 98 0 199 6
0 199 6 1 98 0 199 6
0 199 6 1 502 0 199 6
0 199 6 1 828 0 199 6
0 199 6 1 828 0 199 6
0 199 6 1 828 0 199 6
0 199 6 1 828 0 199 6
0 199 6 1 265 0 199 6
0 199 6 1 714 0 199 6
0 199 6 1 714 0 199 6
0 199 6 1 714 0 199 6
0 199 6 1 714 0 199 6
0 199 6 1 714 0 199 6
0 199 6 1 1026 0 199 6
0 199 6 1 1026 0 199 6
0 199 6 1 1026 0 199 6
0 199 6 1 1026 0 199 6
0 199 6 1 1026 0 199 6
0 199 6 1 1020 0 199 6
0 94 1056 1 1076 0 94 1056
0 92 719 1 756 0 92 719
-1
8 60
0 143 2 1 826 0 143 2
0 143 2 1 178 0 143 2
0 143 2 1 178 0 143 2
0 143 2 1 178 0 143 2
0 143 2 1 756 0 143 2
0 143 2 1 756 0 143 2
0 143 2 1 990 0 143 2
0 143 2 1 990 0 143 2
0 143 2 1 990 0 143 2
0 143 2 1 990 0 143 2
0 143 2 1 901 0 143 2
0 143 2 1 901 0 143 2
0 143 2 1 901 0 143 2
0 143 2 1 548 0 143 2
0 143 2 1 280 0 143 2
0 143 2 1 280 0 143 2
0 143 2 1 567 0 143 2
0 143 2 1 150 0 143 2
0 143 2 1 150 0 143 2
0 143 2 1 771 0 143 2
0 143 2 1 1033 0 143 2
0 143 2 1 1033 0 143 2
0 143 2 1 553 0 143 2
0 143 2 1 745 0 143 2
0 143 2 1 745 0 143 2
0 143 2 1 1064 0 143 2
0 143 2 1 1064 0 143 2
0 143 2 1 1044 0 143 2
0 143 2 1 1044 0 143 2
0 143 2 1 140 0 143 2
0 143 2 1 140 0 143 2
0 143 2 1 140 0 143 2
0 143 2 1 140 0 143 2
0 143 2 1 643 0 143 2
0 143 2 1 952 0 143 2
0 143 2 1 1142 0 143 2
0 143 2 1 106 0 143 2
0 143 2 1 92 0 143 2
0 143 2 1 92 0 143 2
0 143 2 1 92 0 143 2
0 143 2 1 31 0 143 2
0 143 2 1 708 0 143 2
0 143 2 1 708 0 143 2
0 143 2 1 502 0 143 2
0 143 2 1 502 0 143 2
0 143 2 1 502 0 143 2
0 143 2 1 828 0 143 2
0 143 2 1 689 0 143 2
0 143 2 1 689 0 143 2
0 143 2 1 689 0 143 2
0 143 2 1 714 0 143 2
0 143 2 1 1020 0 143 2
0 143 2 1 1020 0 143 2
0 143 2 1 1020 0 143 2
0 143 2 1 285 0 143 2
0 143 2 1 458 0 143 2
0 143 2 1 458 0 143 2
0 143 2 1 88 0 143 2
0 143 2 1 1158 0 143 2
0 0 943 1 901 0 0 943
-1
9 57
0 138 0 1 826 0 138 0
0 138 0 1 178 0 138 0
0 138 0 1 756 0 138 0
0 138 0 1 756 0 138 0
0 138 0 1 901 0 138 0
0 138 0 1 901 0 138 0
0 138 0 1 1076 0 138 0
0 138 0 1 744 0 138 0
0 138 0 1 548 0 138 0
0 138 0 1 548 0 138 0
0 138 0 1 1102 0 138 0
0 138 0 1 1102 0 138 0
0 138 0 1 1102 0 138 0
0 138 0 1 1102 0 138 0
0 138 0 1 567 0 138 0
0 138 0 1 567 0 138 0
0 138 0 1 150 0 138 0
0 138 0 1 771 0 138 0
0 138 0 1 771 0 138 0
0 138 0 1 771 0 138 0
0 138 0 1 1033 0 138 0
0 138 0 1 553 0 138 0
0 138 0 1 745 0 138 0
0 138 0 1 745 0 138 0
0 138 0 1 1064 0 138 0
0 138 0 1 1064 0 138 0
0 138 0 1 1064 0 138 0
0 138 0 1 1044 0 138 0
0 138 0 1 1044 0 138 0
0 138 0 1 140 0 138 0
0 138 0 1 140 0 138 0
0 138 0 1 1142 0 138 0
0 138 0 1 61 0 138 0
0 138 0 1 106 0 138 0
0 138 0 1 31 0 138 0
0 138 0 1 31 0 138 0
0 138 0 1 708 0 138 0
0 138 0 1 98 0 138 0
0 138 0 1 98 0 138 0
0 138 0 1 98 0 138 0
0 138 0 1 98 0 138 0
0 138 0 1 828 0 138 0
0 138 0 1 828 0 138 0
0 138 0 1 689 0 138 0
0 138 0 1 714 0 138 0
0 138 0 1 714 0 138 0
0 138 0 1 1020 0 138 0
0 138 0 1 285 0 138 0
0 138 0 1 458 0 138 0
0 138 0 1 458 0 138 0
0 138 0 1 88 0 138 0
0 138 0 1 88 0 138 0
0 138 0 1 88 0 138 0
0 138 0 1 1158 0 138 0
0 138 0 1 1035 0 138 0
0 138 0 1 1035 0 138 0
0 138 0 1 1035 0 138 0
-1
10 57
0 228 6 1 826 0 228 6
0 228 6 1 178 0 228 6
0 228 6 1 178 0 228 6
0 228 6 1 990 0 228 6
0 228 6 1 901 0 228 6
0 228 6 1 1076 0 228 6
0 228 6 1 1076 0 228 6
0 228 6 1 1102 0 228 6
0 228 6 1 1102 0 228 6
0 228 6 1 280 0 228 6
0 228 6 1 280 0 228 6
0 228 6 1 567 0 228 6
0 228 6 1 567 0 228 6
0 228 6 1 567 0 228 6
0 228 6 1 1096 0 228 6
0 228 6 1 150 0 228 6
0 228 6 1 771 0 228 6
0 228 6 1 771 0 228 6
0 228 6 1 1033 0 228 6
0 228 6 1 553 0 228 6
0 228 6 1 745 0 228 6
0 228 6 1 745 0 228 6
0 228 6 1 745 0 228 6
0 228 6 1 1064 0 228 6
0 228 6 1 1044 0 228 6
0 228 6 1 1044 0 228 6
0 228 6 1 1044 0 228 6
0 228 6 1 643 0 228 6
0 228 6 1 643 0 228 6
0 228 6 1 952 0 228 6
0 228 6 1 1110 0 228 6
0 228 6 1 1142 0 228 6
0 228 6 1 92 0 228 6
0 228 6 1 92 0 228 6
0 228 6 1 92 0 228 6
0 228 6 1 31 0 228 6
0 228 6 1 708 0 228 6
0 228 6 1 98 0 228 6
0 228 6 1 98 0 228 6
0 228 6 1 98 0 228 6
0 228 6 1 502 0 228 6
0 228 6 1 828 0 228 6
0 228 6 1 828 0 228 6
0 228 6 1 689 0 228 6
0 228 6 1 689 0 228 6
0 228 6 1 689 0 228 6
0 228 6 1 714 0 228 6
0 228 6 1 1026 0 228 6
0 228 6 1 1026 0 228 6
0 228 6 1 1020 0 228 6
0 228 6 1 1020 0 228 6
0 228 6 1 1020 0 228 6
0 228 6 1 1020 0 228 6
0 228 6 1 1020 0 228 6
0 228 6 1 285 0 228 6
0 228 6 1 285 0 228 6
0 118 1106 2 1096 0 89 1104 643 0 29 2
-1
11 59
0 220 0 1 826 0 220 0
0 220 0 1 826 0 220 0
0 220 0 1 756 0 220 0
0 220 0 1 990 0 220 0
0 220 0 1 990 0 220 0
0 220 0 1 901 0 220 0
0 220 0 1 901 0 220 0
0 220 0 1 744 0 220 0
0 220 0 1 744 0 220 0
0 220 0 1 548 0 220 0
0 220 0 1 548 0 220 0
0 220 0 1 548 0 220 0
0 220 0 1 1102 0 220 0
0 220 0 1 1102 0 220 0
0 220 0 1 1102 0 220 0
0 220 0 1 1102 0 220 0
0 220 0 1 280 0 220 0
0 220 0 1 280 0 220 0
0 220 0 1 280 0 220 0
0 220 0 1 567 0 220 0
0 220 0 1 1096 0 220 0
0 220 0 1 150 0 220 0
0 220 0 1 150 0 220 0
0 220 0 1 771 0 220 0
0 220 0 1 771 0 220 0
0 220 0 1 553 0 220 0
0 220 0 1 745 0 220 0
0 220 0 1 745 0 220 0
0 220 0 1 745 0 220 0
0 220 0 1 1044 0 220 0
0 220 0 1 1044 0 220 0
0 220 0 1 140 0 220 0
0 220 0 1 140 0 220 0
0 220 0 1 643 0 220 0
0 220 0 1 643 0 220 0
0 220 0 1 643 0 220 0
0 220 0 1 1110 0 220 0
0 220 0 1 61 0 220 0
0 220 0 1 62 0 220 0
0 220 0 1 62 0 220 0
0 220 0 1 92 0 220 0
0 220 0 1 92 0 220 0
0 220 0 1 31 0 220 0
0 220 0 1 502 0 220 0
0 220 0 1 828 0 220 0
0 220 0 1 265 0 220 0
0 220 0 1 265 0 220 0
0 220 0 1 1020 0 220 0
0 220 0 1 1020 0 220 0
0 220 0 1 285 0 220 0
0 220 0 1 285 0 220 0
0 220 0 1 285 0 220 0
0 220 0 1 285 0 220 0
0 220 0 1 285 0 220 0
0 220 0 1 458 0 220 0
0 220 0 1 458 0 220 0
0 220 0 1 88 0 220 0
0 220 0 1 1158 0 220 0
0 220 0 1 1158 0 220 0
-1
12 60
0 212 8 1 826 0 212 8
0 212 8 1 826 0 212 8
0 212 8 1 178 0 212 8
0 212 8 1 756 0 212 8
0 212 8 1 990 0 212 8
0 212 8 1 990 0 212 8
0 212 8 1 1076 0 212 8
0 212 8 1 1076 0 212 8
0 212 8 1 1076 0 212 8
0 212 8 1 744 0 212 8
0 212 8 1 744 0 212 8
0 212 8 1 548 0 212 8
0 212 8 1 548 0 212 8
0 212 8 1 1102 0 212 8
0 212 8 1 1102 0 212 8
0 212 8 1 1096 0 212 8
0 212 8 1 1096 0 212 8
0 212 8 1 1096 0 212 8
0 212 8 1 1096 0 212 8
0 212 8 1 150 0 212 8
0 212 8 1 771 0 212 8
0 212 8 1 771 0 212 8
0 212 8 1 1033 0 212 8
0 212 8 1 1033 0 212 8
0 212 8 1 1033 0 212 8
0 212 8 1 553 0 212 8
0 212 8 1 553 0 212 8
0 212 8 1 745 0 212 8
0 212 8 1 745 0 212 8
0 212 8 1 1064 0 212 8
0 212 8 1 1044 0 212 8
0 212 8 1 1044 0 212 8
0 212 8 1 643 0 212 8
0 212 8 1 643 0 212 8
0 212 8 1 952 0 212 8
0 212 8 1 952 0 212 8
0 212 8 1 1142 0 212 8
0 212 8 1 1142 0 212 8
0 212 8 1 1142 0 212 8
0 212 8 1 62 0 212 8
0 212 8 1 92 0 212 8
0 212 8 1 92 0 212 8
0 212 8 1 708 0 212 8
0 212 8 1 708 0 212 8
0 212 8 1 98 0 212 8
0 212 8 1 98 0 212 8
0 212 8 1 98 0 212 8
0 212 8 1 502 0 212 8
0 212 8 1 828 0 212 8
0 212 8 1 265 0 212 8
0 212 8 1 714 0 212 8
0 212 8 1 714 0 212 8
0 212 8 1 1026 0 212 8
0 212 8 1 1026 0 212 8
0 212 8 1 458 0 212 8
0 212 8 1 458 0 212 8
0 212 8 1 458 0 212 8
0 212 8 1 88 0 212 8
0 212 8 1 88 0 212 8
0 31 930 1 1102 0 31 930
-1
13 58
0 153 4 1 826 0 153 4
0 153 4 1 178 0 153 4
0 153 4 1 990 0 153 4
0 153 4 1 990 0 153 4
0 153 4 1 1076 0 153 4
0 153 4 1 1076 0 153 4
0 153 4 1 1076 0 153 4
0 153 4 1 1076 0 153 4
0 153 4 1 548 0 153 4
0 153 4 1 548 0 153 4
0 153 4 1 1102 0 153 4
0 153 4 1 280 0 153 4
0 153 4 1 567 0 153 4
0 153 4 1 567 0 153 4
0 153 4 1 150 0 153 4
0 153 4 1 771 0 153 4
0 153 4 1 771 0 153 4
0 153 4 1 771 0 153 4
0 153 4 1 771 0 153 4
0 153 4 1 771 0 153 4
0 153 4 1 1033 0 153 4
0 153 4 1 553 0 153 4
0 153 4 1 745 0 153 4
0 153 4 1 745 0 153 4
0 153 4 1 1064 0 153 4
0 153 4 1 1044 0 153 4
0 153 4 1 1044 0 153 4
0 153 4 1 1044 0 153 4
0 153 4 1 1044 0 153 4
0 153 4 1 140 0 153 4
0 153 4 1 643 0 153 4
0 153 4 1 643 0 153 4
0 153 4 1 952 0 153 4
0 153 4 1 952 0 153 4
0 153 4 1 952 0 153 4
0 153 4 1 61 0 153 4
0 153 4 1 61 0 153 4
0 153 4 1 106 0 153 4
0 153 4 1 62 0 153 4
0 153 4 1 92 0 153 4
0 153 4 1 92 0 153 4
0 153 4 1 31 0 153 4
0 153 4 1 31 0 153 4
0 153 4 1 708 0 153 4
0 153 4 1 708 0 153 4
0 153 4 1 502 0 153 4
0 153 4 1 502 0 153 4
0 153 4 1 828 0 153 4
0 153 4 1 265 0 153 4
0 153 4 1 265 0 153 4
0 153 4 1 714 0 153 4
0 153 4 1 285 0 153 4
0 153 4 1 285 0 153 4
0 153 4 1 458 0 153 4
0 153 4 1 88 0 153 4
0 153 4 1 88 0 153 4
0 153 4 1 88 0 153 4
0 66 846 1 1064 0 66 846
-1
14 59
0 171 0 1 826 0 171 0
0 171 0 1 826 0 171 0
0 171 0 1 178 0 171 0
0 171 0 1 178 0 171 0
0 171 0 1 756 0 171 0
0 171 0 1 756 0 171 0
0 171 0 1 1076 0 171 0
0 171 0 1 1076 0 171 0
0 171 0 1 744 0 171 0
0 171 0 1 548 0 171 0
0 171 0 1 548 0 171 0
0 171 0 1 548 0 171 0
0 171 0 1 1102 0 171 0
0 171 0 1 1102 0 171 0
0 171 0 1 567 0 171 0
0 171 0 1 567 0 171 0
0 171 0 1 1096 0 171 0
0 171 0 1 1096 0 171 0
0 171 0 1 150 0 171 0
0 171 0 1 771 0 171 0
0 171 0 1 771 0 171 0
0 171 0 1 1033 0 171 0
0 171 0 1 553 0 171 0
0 171 0 1 745 0 171 0
0 171 0 1 1064 0 171 0
0 171 0 1 140 0 171 0
0 171 0 1 952 0 171 0
0 171 0 1 952 0 171 0
0 171 0 1 952 0 171 0
0 171 0 1 952 0 171 0
0 171 0 1 1110 0 171 0
0 171 0 1 1110 0 171 0
0 171 0 1 1142 0 171 0
0 171 0 1 1142 0 171 0
0 171 0 1 1142 0 171 0
0 171 0 1 61 0 171 0
0 171 0 1 31 0 171 0
0 171 0 1 708 0 171 0
0 171 0 1 708 0 171 0
0 171 0 1 708 0 171 0
0 171 0 1 98 0 171 0
0 171 0 1 98 0 171 0
0 171 0 1 502 0 171 0
0 171 0 1 502 0 171 0
0 171 0 1 502 0 171 0
0 171 0 1 828 0 171 0
0 171 0 1 265 0 171 0
0 171 0 1 265 0 171 0
0 171 0 1 265 0 171 0
0 171 0 1 689 0 171 0
0 171 0 1 689 0 171 0
0 171 0 1 689 0 171 0
0 171 0 1 714 0 171 0
0 171 0 1 714 0 171 0
0 171 0 1 1026 0 171 0
0 171 0 1 1020 0 171 0
0 171 0 1 285 0 171 0
0 171 0 1 285 0 171 0
0 66 1050 1 178 0 66 1050
-1
15 56
0 264 4 1 826 0 264 4
0 264 4 1 826 0 264 4
0 264 4 1 756 0 264 4
0 264 4 1 990 0 264 4
0 264 4 1 990 0 264 4
0 264 4 1 990 0 264 4
0 264 4 1 901 0 264 4
0 264 4 1 744 0 264 4
0 264 4 1 744 0 264 4
0 264 4 1 548 0 264 4
0 264 4 1 548 0 264 4
0 264 4 1 280 0 264 4
0 264 4 1 280 0 264 4
0 264 4 1 1096 0 264 4
0 264 4 1 1096 0 264 4
0 264 4 1 1096 0 264 4
0 264 4 1 150 0 264 4
0 264 4 1 1033 0 264 4
0 264 4 1 553 0 264 4
0 264 4 1 553 0 264 4
0 264 4 1 1044 0 264 4
0 264 4 1 140 0 264 4
0 264 4 1 952 0 264 4
0 264 4 1 1110 0 264 4
0 264 4 1 106 0 264 4
0 264 4 1 106 0 264 4
0 264 4 1 106 0 264 4
0 264 4 1 106 0 264 4
0 264 4 1 106 0 264 4
0 264 4 1 92 0 264 4
0 264 4 1 92 0 264 4
0 264 4 1 31 0 264 4
0 264 4 1 708 0 264 4
0 264 4 1 708 0 264 4
0 264 4 1 708 0 264 4
0 264 4 1 98 0 264 4
0 264 4 1 98 0 264 4
0 264 4 1 828 0 264 4
0 264 4 1 828 0 264 4
0 264 4 1 828 0 264 4
0 264 4 1 689 0 264 4
0 264 4 1 714 0 264 4
0 264 4 1 714 0 264 4
0 264 4 1 714 0 264 4
0 264 4 1 714 0 264 4
0 264 4 1 1026 0 264 4
0 264 4 1 1020 0 264 4
0 264 4 1 1020 0 264 4
0 264 4 1 285 0 264 4
0 264 4 1 458 0 264 4
0 264 4 1 88 0 264 4
0 264 4 1 1158 0 264 4
0 264 4 1 1158 0 264 4
0 264 4 1 1158 0 264 4
0 264 4 1 1035 0 264 4
0 264 4 1 1035 0 264 4
-1
16 61
0 275 6 1 826 0 275 6
0 275 6 1 178 0 275 6
0 275 6 1 178 0 275 6
0 275 6 1 178 0 275 6
0 275 6 1 756 0 275 6
0 275 6 1 756 0 275 6
0 275 6 1 990 0 275 6
0 275 6 1 990 0 275 6
0 275 6 1 901 0 275 6
0 275 6 1 901 0 275 6
0 275 6 1 1076 0 275 6
0 275 6 1 1076 0 275 6
0 275 6 1 744 0 275 6
0 275 6 1 744 0 275 6
0 275 6 1 1102 0 275 6
0 275 6 1 1102 0 275 6
0 275 6 1 1102 0 275 6
0 275 6 1 1102 0 275 6
0 275 6 1 1102 0 275 6
0 275 6 1 280 0 275 6
0 275 6 1 567 0 275 6
0 275 6 1 567 0 275 6
0 275 6 1 567 0 275 6
0 275 6 1 567 0 275 6
0 275 6 1 1096 0 275 6
0 275 6 1 771 0 275 6
0 275 6 1 1033 0 275 6
0 275 6 1 745 0 275 6
0 275 6 1 745 0 275 6
0 275 6 1 1064 0 275 6
0 275 6 1 140 0 275 6
0 275 6 1 643 0 275 6
0 275 6 1 952 0 275 6
0 275 6 1 1142 0 275 6
0 275 6 1 1142 0 275 6
0 275 6 1 1142 0 275 6
0 275 6 1 61 0 275 6
0 275 6 1 106 0 275 6
0 275 6 1 62 0 275 6
0 275 6 1 62 0 275 6
0 275 6 1 62 0 275 6
0 275 6 1 92 0 275 6
0 275 6 1 92 0 275 6
0 275 6 1 31 0 275 6
0 275 6 1 708 0 275 6
0 275 6 1 98 0 275 6
0 275 6 1 828 0 275 6
0 275 6 1 828 0 275 6
0 275 6 1 265 0 275 6
0 275 6 1 689 0 275 6
0 275 6 1 689 0 275 6
0 275 6 1 1020 0 275 6
0 275 6 1 285 0 275 6
0 275 6 1 285 0 275 6
0 275 6 1 285 0 275 6
0 275 6 1 285 0 275 6
0 275 6 1 458 0 275 6
0 275 6 1 458 0 275 6
0 275 6 1 88 0 275 6
0 275 6 1 88 0 275 6
0 37 1056 2 280 0 37 993 178 0 0 63
-1
17 58
0 270 8 1 178 0 270 8
0 270 8 1 178 0 270 8
0 270 8 1 178 0 270 8
0 270 8 1 756 0 270 8
0 270 8 1 990 0 270 8
0 270 8 1 990 0 270 8
0 270 8 1 901 0 270 8
0 270 8 1 1076 0 270 8
0 270 8 1 744 0 270 8
0 270 8 1 744 0 270 8
0 270 8 1 744 0 270 8
0 270 8 1 1102 0 270 8
0 270 8 1 280 0 270 8
0 270 8 1 567 0 270 8
0 270 8 1 1096 0 270 8
0 270 8 1 150 0 270 8
0 270 8 1 771 0 270 8
0 270 8 1 1033 0 270 8
0 270 8 1 553 0 270 8
0 270 8 1 553 0 270 8
0 270 8 1 745 0 270 8
0 270 8 1 745 0 270 8
0 270 8 1 745 0 270 8
0 270 8 1 745 0 270 8
0 270 8 1 745 0 270 8
0 270 8 1 745 0 270 8
0 270 8 1 643 0 270 8
0 270 8 1 643 0 270 8
0 270 8 1 952 0 270 8
0 270 8 1 952 0 270 8
0 270 8 1 952 0 270 8
0 270 8 1 1142 0 270 8
0 270 8 1 1142 0 270 8
0 270 8 1 61 0 270 8
0 270 8 1 106 0 270 8
0 270 8 1 106 0 270 8
0 270 8 1 62 0 270 8
0 270 8 1 62 0 270 8
0 270 8 1 62 0 270 8
0 270 8 1 92 0 270 8
0 270 8 1 92 0 270 8
0 270 8 1 92 0 270 8
0 270 8 1 708 0 270 8
0 270 8 1 708 0 270 8
0 270 8 1 98 0 270 8
0 270 8 1 98 0 270 8
0 270 8 1 98 0 270 8
0 270 8 1 502 0 270 8
0 270 8 1 828 0 270 8
0 270 8 1 828 0 270 8
0 270 8 1 265 0 270 8
0 270 8 1 689 0 270 8
0 270 8 1 1026 0 270 8
0 270 8 1 1026 0 270 8
0 270 8 1 1020 0 270 8
0 270 8 1 285 0 270 8
0 270 8 1 458 0 270 8
0 270 8 1 88 0 270 8
-1
18 56
0 143 8 1 826 0 143 8
0 143 8 1 826 0 143 8
0 143 8 1 756 0 143 8
0 143 8 1 756 0 143 8
0 143 8 1 990 0 143 8
0 143 8 1 1076 0 143 8
0 143 8 1 744 0 143 8
0 143 8 1 1102 0 143 8
0 143 8 1 1102 0 143 8
0 143 8 1 280 0 143 8
0 143 8 1 280 0 143 8
0 143 8 1 280 0 143 8
0 143 8 1 280 0 143 8
0 143 8 1 567 0 143 8
0 143 8 1 567 0 143 8
0 143 8 1 1096 0 143 8
0 143 8 1 150 0 143 8
0 143 8 1 150 0 143 8
0 143 8 1 771 0 143 8
0 143 8 1 771 0 143 8
0 143 8 1 553 0 143 8
0 143 8 1 745 0 143 8
0 143 8 1 1064 0 143 8
0 143 8 1 1064 0 143 8
0 143 8 1 1044 0 143 8
0 143 8 1 643 0 143 8
0 143 8 1 643 0 143 8
0 143 8 1 1142 0 143 8
0 143 8 1 1142 0 143 8
0 143 8 1 61 0 143 8
0 143 8 1 92 0 143 8
0 143 8 1 92 0 143 8
0 143 8 1 31 0 143 8
0 143 8 1 31 0 143 8
0 143 8 1 31 0 143 8
0 143 8 1 708 0 143 8
0 143 8 1 708 0 143 8
0 143 8 1 502 0 143 8
0 143 8 1 265 0 143 8
0 143 8 1 265 0 143 8
0 143 8 1 689 0 143 8
0 143 8 1 714 0 143 8
0 143 8 1 1020 0 143 8
0 143 8 1 458 0 143 8
0 143 8 1 458 0 143 8
0 143 8 1 458 0 143 8
0 143 8 1 88 0 143 8
0 143 8 1 88 0 143 8
0 143 8 1 88 0 143 8
0 143 8 1 88 0 143 8
0 143 8 1 88 0 143 8
0 143 8 1 88 0 143 8
0 143 8 1 1158 0 143 8
0 143 8 1 1158 0 143 8
0 143 8 1 1035 0 143 8
0 143 8 1 1035 0 143 8
-1
19 58
0 167 4 1 826 0 167 4
0 167 4 1 178 0 167 4
0 167 4 1 990 0 167 4
0 167 4 1 990 0 167 4
0 167 4 1 901 0 167 4
0 167 4 1 901 0 167 4
0 167 4 1 901 0 167 4
0 167 4 1 1076 0 167 4
0 167 4 1 1076 0 167 4
0 167 4 1 1076 0 167 4
0 167 4 1 1076 0 167 4
0 167 4 1 548 0 167 4
0 167 4 1 280 0 167 4
0 167 4 1 567 0 167 4
0 167 4 1 1096 0 167 4
0 167 4 1 150 0 167 4
0 167 4 1 150 0 167 4
0 167 4 1 771 0 167 4
0 167 4 1 771 0 167 4
0 167 4 1 1033 0 167 4
0 167 4 1 553 0 167 4
0 167 4 1 1064 0 167 4
0 167 4 1 1064 0 167 4
0 167 4 1 140 0 167 4
0 167 4 1 140 0 167 4
0 167 4 1 140 0 167 4
0 167 4 1 140 0 167 4
0 167 4 1 643 0 167 4
0 167 4 1 643 0 167 4
0 167 4 1 952 0 167 4
0 167 4 1 1110 0 167 4
0 167 4 1 1110 0 167 4
0 167 4 1 1142 0 167 4
0 167 4 1 1142 0 167 4
0 167 4 1 1142 0 167 4
0 167 4 1 61 0 167 4
0 167 4 1 61 0 167 4
0 167 4 1 106 0 167 4
0 167 4 1 62 0 167 4
0 167 4 1 62 0 167 4
0 167 4 1 31 0 167 4
0 167 4 1 708 0 167 4
0 167 4 1 708 0 167 4
0 167 4 1 708 0 167 4
0 167 4 1 98 0 167 4
0 167 4 1 502 0 167 4
0 167 4 1 828 0 167 4
0 167 4 1 828 0 167 4
0 167 4 1 265 0 167 4
0 167 4 1 265 0 167 4
0 167 4 1 714 0 167 4
0 167 4 1 714 0 167 4
0 167 4 1 1020 0 167 4
0 167 4 1 285 0 167 4
0 167 4 1 285 0 167 4
0 167 4 1 285 0 167 4
0 167 4 1 458 0 167 4
0 167 4 1 458 0 167 4
-1
20 59
0 173 2 1 826 0 173 2
0 173 2 1 178 0 173 2
0 173 2 1 178 0 173 2
0 173 2 1 178 0 173 2
0 173 2 1 178 0 173 2
0 173 2 1 756 0 173 2
0 173 2 1 990 0 173 2
0 173 2 1 990 0 173 2
0 173 2 1 1076 0 173 2
0 173 2 1 744 0 173 2
0 173 2 1 548 0 173 2
0 173 2 1 548 0 173 2
0 173 2 1 280 0 173 2
0 173 2 1 567 0 173 2
0 173 2 1 567 0 173 2
0 173 2 1 1096 0 173 2
0 173 2 1 1096 0 173 2
0 173 2 1 1096 0 173 2
0 173 2 1 150 0 173 2
0 173 2 1 150 0 173 2
0 173 2 1 771 0 173 2
0 173 2 1 771 0 173 2
0 173 2 1 771 0 173 2
0 173 2 1 553 0 173 2
0 173 2 1 745 0 173 2
0 173 2 1 1064 0 173 2
0 173 2 1 1044 0 173 2
0 173 2 1 1044 0 173 2
0 173 2 1 140 0 173 2
0 173 2 1 643 0 173 2
0 173 2 1 643 0 173 2
0 173 2 1 643 0 173 2
0 173 2 1 952 0 173 2
0 173 2 1 1142 0 173 2
0 173 2 1 1142 0 173 2
0 173 2 1 61 0 173 2
0 173 2 1 106 0 173 2
0 173 2 1 62 0 173 2
0 173 2 1 92 0 173 2
0 173 2 1 31 0 173 2
0 173 2 1 31 0 173 2
0 173 2 1 708 0 173 2
0 173 2 1 98 0 173 2
0 173 2 1 502 0 173 2
0 173 2 1 265 0 173 2
0 173 2 1 265 0 173 2
0 173 2 1 265 0 173 2
0 173 2 1 689 0 173 2
0 173 2 1 689 0 173 2
0 173 2 1 714 0 173 2
0 173 2 1 714 0 173 2
0 173 2 1 1026 0 173 2
0 173 2 1 1026 0 173 2
0 173 2 1 1020 0 173 2
0 173 2 1 1020 0 173 2
0 173 2 1 285 0 173 2
0 173 2 1 285 0 173 2
0 173 2 1 458 0 173 2
0 82 912 1 548 0 82 912
-1
21 57
0 288 2 1 826 0 288 2
0 288 2 1 756 0 288 2
0 288 2 1 756 0 288 2
0 288 2 1 990 0 288 2
0 288 2 1 901 0 288 2
0 288 2 1 1076 0 288 2
0 288 2 1 744 0 288 2
0 288 2 1 548 0 288 2
0 288 2 1 1102 0 288 2
0 288 2 1 1102 0 288 2
0 288 2 1 280 0 288 2
0 288 2 1 567 0 288 2
0 288 2 1 567 0 288 2
0 288 2 1 567 0 288 2
0 288 2 1 1096 0 288 2
0 288 2 1 1096 0 288 2
0 288 2 1 150 0 288 2
0 288 2 1 150 0 288 2
0 288 2 1 771 0 288 2
0 288 2 1 1033 0 288 2
0 288 2 1 553 0 288 2
0 288 2 1 553 0 288 2
0 288 2 1 553 0 288 2
0 288 2 1 553 0 288 2
0 288 2 1 745 0 288 2
0 288 2 1 140 0 288 2
0 288 2 1 643 0 288 2
0 288 2 1 952 0 288 2
0 288 2 1 1110 0 288 2
0 288 2 1 1142 0 288 2
0 288 2 1 1142 0 288 2
0 288 2 1 61 0 288 2
0 288 2 1 61 0 288 2
0 288 2 1 62 0 288 2
0 288 2 1 62 0 288 2
0 288 2 1 92 0 288 2
0 288 2 1 31 0 288 2
0 288 2 1 31 0 288 2
0 288 2 1 708 0 288 2
0 288 2 1 708 0 288 2
0 288 2 1 708 0 288 2
0 288 2 1 502 0 288 2
0 288 2 1 502 0 288 2
0 288 2 1 828 0 288 2
0 288 2 1 828 0 288 2
0 288 2 1 828 0 288 2
0 288 2 1 689 0 288 2
0 288 2 1 714 0 288 2
0 288 2 1 1020 0 288 2
0 288 2 1 285 0 288 2
0 288 2 1 458 0 288 2
0 288 2 1 88 0 288 2
0 288 2 1 88 0 288 2
0 288 2 1 88 0 288 2
0 288 2 1 1158 0 288 2
0 288 2 1 1158 0 288 2
0 59 656 1 1033 0 59 656
-1
22 57
0 156 8 1 178 0 156 8
0 156 8 1 178 0 156 8
0 156 8 1 178 0 156 8
0 156 8 1 756 0 156 8
0 156 8 1 990 0 156 8
0 156 8 1 901 0 156 8
0 156 8 1 901 0 156 8
0 156 8 1 744 0 156 8
0 156 8 1 1102 0 156 8
0 156 8 1 280 0 156 8
0 156 8 1 280 0 156 8
0 156 8 1 1096 0 156 8
0 156 8 1 1096 0 156 8
0 156 8 1 150 0 156 8
0 156 8 1 771 0 156 8
0 156 8 1 771 0 156 8
0 156 8 1 771 0 156 8
0 156 8 1 771 0 156 8
0 156 8 1 1033 0 156 8
0 156 8 1 1033 0 156 8
0 156 8 1 553 0 156 8
0 156 8 1 553 0 156 8
0 156 8 1 745 0 156 8
0 156 8 1 1064 0 156 8
0 156 8 1 1064 0 156 8
0 156 8 1 1044 0 156 8
0 156 8 1 140 0 156 8
0 156 8 1 952 0 156 8
0 156 8 1 1110 0 156 8
0 156 8 1 1110 0 156 8
0 156 8 1 1110 0 156 8
0 156 8 1 1142 0 156 8
0 156 8 1 1142 0 156 8
0 156 8 1 62 0 156 8
0 156 8 1 92 0 156 8
0 156 8 1 92 0 156 8
0 156 8 1 92 0 156 8
0 156 8 1 31 0 156 8
0 156 8 1 708 0 156 8
0 156 8 1 708 0 156 8
0 156 8 1 98 0 156 8
0 156 8 1 98 0 156 8
0 156 8 1 98 0 156 8
0 156 8 1 502 0 156 8
0 156 8 1 828 0 156 8
0 156 8 1 828 0 156 8
0 156 8 1 689 0 156 8
0 156 8 1 1026 0 156 8
0 156 8 1 1020 0 156 8
0 156 8 1 285 0 156 8
0 156 8 1 458 0 156 8
0 156 8 1 458 0 156 8
0 156 8 1 458 0 156 8
0 156 8 1 458 0 156 8
0 156 8 1 458 0 156 8
0 156 8 1 458 0 156 8
0 65 918 1 771 0 65 918
-1
23 58
0 183 4 1 178 0 183 4
0 183 4 1 756 0 183 4
0 183 4 1 756 0 183 4
0 183 4 1 756 0 183 4
0 183 4 1 990 0 183 4
0 183 4 1 1076 0 183 4
0 183 4 1 1076 0 183 4
0 183 4 1 1076 0 183 4
0 183 4 1 744 0 183 4
0 183 4 1 548 0 183 4
0 183 4 1 548 0 183 4
0 183 4 1 1102 0 183 4
0 183 4 1 280 0 183 4
0 183 4 1 1096 0 183 4
0 183 4 1 1096 0 183 4
0 183 4 1 1096 0 183 4
0 183 4 1 1096 0 183 4
0 183 4 1 150 0 183 4
0 183 4 1 771 0 183 4
0 183 4 1 771 0 183 4
0 183 4 1 771 0 183 4
0 183 4 1 1033 0 183 4
0 183 4 1 553 0 183 4
0 183 4 1 1064 0 183 4
0 183 4 1 1044 0 183 4
0 183 4 1 140 0 183 4
0 183 4 1 140 0 183 4
0 183 4 1 1142 0 183 4
0 183 4 1 1142 0 183 4
0 183 4 1 61 0 183 4
0 183 4 1 61 0 183 4
0 183 4 1 106 0 183 4
0 183 4 1 106 0 183 4
0 183 4 1 62 0 183 4
0 183 4 1 62 0 183 4
0 183 4 1 92 0 183 4
0 183 4 1 92 0 183 4
0 183 4 1 92 0 183 4
0 183 4 1 92 0 183 4
0 183 4 1 708 0 183 4
0 183 4 1 708 0 183 4
0 183 4 1 98 0 183 4
0 183 4 1 502 0 183 4
0 183 4 1 502 0 183 4
0 183 4 1 502 0 183 4
0 183 4 1 828 0 183 4
0 183 4 1 265 0 183 4
0 183 4 1 265 0 183 4
0 183 4 1 265 0 183 4
0 183 4 1 1026 0 183 4
0 183 4 1 1026 0 183 4
0 183 4 1 1026 0 183 4
0 183 4 1 285 0 183 4
0 183 4 1 285 0 183 4
0 183 4 1 458 0 183 4
0 183 4 1 458 0 183 4
0 183 4 1 88 0 183 4
0 18 1174 1 990 0 18 1174
-1
24 59
0 249 4 1 826 0 249 4
0 249 4 1 826 0 249 4
0 249 4 1 756 0 249 4
0 249 4 1 756 0 249 4
0 249 4 1 756 0 249 4
0 249 4 1 990 0 249 4
0 249 4 1 990 0 249 4
0 249 4 1 901 0 249 4
0 249 4 1 1076 0 249 4
0 249 4 1 744 0 249 4
0 249 4 1 744 0 249 4
0 249 4 1 548 0 249 4
0 249 4 1 1102 0 249 4
0 249 4 1 280 0 249 4
0 249 4 1 280 0 249 4
0 249 4 1 280 0 249 4
0 249 4 1 567 0 249 4
0 249 4 1 567 0 249 4
0 249 4 1 1096 0 249 4
0 249 4 1 1096 0 249 4
0 249 4 1 150 0 249 4
0 249 4 1 771 0 249 4
0 249 4 1 1033 0 249 4
0 249 4 1 745 0 249 4
0 249 4 1 745 0 249 4
0 249 4 1 1064 0 249 4
0 249 4 1 1064 0 249 4
0 249 4 1 1064 0 249 4
0 249 4 1 1044 0 249 4
0 249 4 1 1044 0 249 4
0 249 4 1 1044 0 249 4
0 249 4 1 140 0 249 4
0 249 4 1 643 0 249 4
0 249 4 1 952 0 249 4
0 249 4 1 1110 0 249 4
0 249 4 1 1142 0 249 4
0 249 4 1 61 0 249 4
0 249 4 1 61 0 249 4
0 249 4 1 106 0 249 4
0 249 4 1 62 0 249 4
0 249 4 1 62 0 249 4
0 249 4 1 98 0 249 4
0 249 4 1 98 0 249 4
0 249 4 1 98 0 249 4
0 249 4 1 828 0 249 4
0 249 4 1 828 0 249 4
0 249 4 1 265 0 249 4
0 249 4 1 265 0 249 4
0 249 4 1 714 0 249 4
0 249 4 1 1026 0 249 4
0 249 4 1 1020 0 249 4
0 249 4 1 285 0 249 4
0 249 4 1 285 0 249 4
0 249 4 1 285 0 249 4
0 249 4 1 458 0 249 4
0 249 4 1 88 0 249 4
0 249 4 1 1158 0 249 4
0 249 4 1 1158 0 249 4
0 249 4 1 1158 0 249 4
-1
25 56
0 193 0 1 178 0 193 0
0 193 0 1 178 0 193 0
0 193 0 1 756 0 193 0
0 193 0 1 990 0 193 0
0 193 0 1 901 0 193 0
0 193 0 1 1076 0 193 0
0 193 0 1 1076 0 193 0
0 193 0 1 1076 0 193 0
0 193 0 1 744 0 193 0
0 193 0 1 548 0 193 0
0 193 0 1 548 0 193 0
0 193 0 1 548 0 193 0
0 193 0 1 1102 0 193 0
0 193 0 1 280 0 193 0
0 193 0 1 567 0 193 0
0 193 0 1 567 0 193 0
0 193 0 1 1096 0 193 0
0 193 0 1 150 0 193 0
0 193 0 1 150 0 193 0
0 193 0 1 1033 0 193 0
0 193 0 1 1033 0 193 0
0 193 0 1 1033 0 193 0
0 193 0 1 553 0 193 0
0 193 0 1 553 0 193 0
0 193 0 1 553 0 193 0
0 193 0 1 745 0 193 0
0 193 0 1 1044 0 193 0
0 193 0 1 1044 0 193 0
0 193 0 1 643 0 193 0
0 193 0 1 1142 0 193 0
0 193 0 1 61 0 193 0
0 193 0 1 106 0 193 0
0 193 0 1 92 0 193 0
0 193 0 1 92 0 193 0
0 193 0 1 31 0 193 0
0 193 0 1 708 0 193 0
0 193 0 1 708 0 193 0
0 193 0 1 98 0 193 0
0 193 0 1 828 0 193 0
0 193 0 1 828 0 193 0
0 193 0 1 714 0 193 0
0 193 0 1 1026 0 193 0
0 193 0 1 1020 0 193 0
0 193 0 1 285 0 193 0
0 193 0 1 88 0 193 0
0 193 0 1 1158 0 193 0
0 193 0 1 1158 0 193 0
0 193 0 1 1158 0 193 0
0 193 0 1 1158 0 193 0
0 193 0 1 1158 0 193 0
0 193 0 1 1158 0 193 0
0 193 0 1 1035 0 193 0
0 193 0 1 1035 0 193 0
0 193 0 1 1035 0 193 0
0 193 0 1 1035 0 193 0
0 193 0 1 1035 0 193 0
-1
26 59
0 157 8 1 826 0 157 8
0 157 8 1 178 0 157 8
0 157 8 1 756 0 157 8
0 157 8 1 756 0 157 8
0 157 8 1 901 0 157 8
0 157 8 1 901 0 157 8
0 157 8 1 1076 0 157 8
0 157 8 1 1076 0 157 8
0 157 8 1 1076 0 157 8
0 157 8 1 548 0 157 8
0 157 8 1 548 0 157 8
0 157 8 1 548 0 157 8
0 157 8 1 548 0 157 8
0 157 8 1 1102 0 157 8
0 157 8 1 567 0 157 8
0 157 8 1 1096 0 157 8
0 157 8 1 1096 0 157 8
0 157 8 1 150 0 157 8
0 157 8 1 150 0 157 8
0 157 8 1 771 0 157 8
0 157 8 1 771 0 157 8
0 157 8 1 1033 0 157 8
0 157 8 1 553 0 157 8
0 157 8 1 745 0 157 8
0 157 8 1 1044 0 157 8
0 157 8 1 140 0 157 8
0 157 8 1 643 0 157 8
0 157 8 1 952 0 157 8
0 157 8 1 952 0 157 8
0 157 8 1 952 0 157 8
0 157 8 1 952 0 157 8
0 157 8 1 1110 0 157 8
0 157 8 1 1110 0 157 8
0 157 8 1 1142 0 157 8
0 157 8 1 1142 0 157 8
0 157 8 1 1142 0 157 8
0 157 8 1 61 0 157 8
0 157 8 1 61 0 157 8
0 157 8 1 61 0 157 8
0 157 8 1 106 0 157 8
0 157 8 1 106 0 157 8
0 157 8 1 62 0 157 8
0 157 8 1 62 0 157 8
0 157 8 1 92 0 157 8
0 157 8 1 92 0 157 8
0 157 8 1 92 0 157 8
0 157 8 1 31 0 157 8
0 157 8 1 502 0 157 8
0 157 8 1 828 0 157 8
0 157 8 1 828 0 157 8
0 157 8 1 714 0 157 8
0 157 8 1 714 0 157 8
0 157 8 1 714 0 157 8
0 157 8 1 1020 0 157 8
0 157 8 1 1020 0 157 8
0 157 8 1 1020 0 157 8
0 157 8 1 458 0 157 8
0 157 8 1 458 0 157 8
0 73 848 1 567 0 73 848
-1
27 57
0 105 8 1 826 0 105 8
0 105 8 1 178 0 105 8
0 105 8 1 178 0 105 8
0 105 8 1 990 0 105 8
0 105 8 1 901 0 105 8
0 105 8 1 1076 0 105 8
0 105 8 1 1076 0 105 8
0 105 8 1 744 0 105 8
0 105 8 1 548 0 105 8
0 105 8 1 548 0 105 8
0 105 8 1 1102 0 105 8
0 105 8 1 567 0 105 8
0 105 8 1 567 0 105 8
0 105 8 1 567 0 105 8
0 105 8 1 567 0 105 8
0 105 8 1 1096 0 105 8
0 105 8 1 150 0 105 8
0 105 8 1 771 0 105 8
0 105 8 1 771 0 105 8
0 105 8 1 553 0 105 8
0 105 8 1 745 0 105 8
0 105 8 1 745 0 105 8
0 105 8 1 745 0 105 8
0 105 8 1 745 0 105 8
0 105 8 1 1044 0 105 8
0 105 8 1 140 0 105 8
0 105 8 1 643 0 105 8
0 105 8 1 643 0 105 8
0 105 8 1 952 0 105 8
0 105 8 1 952 0 105 8
0 105 8 1 61 0 105 8
0 105 8 1 61 0 105 8
0 105 8 1 61 0 105 8
0 105 8 1 62 0 105 8
0 105 8 1 92 0 105 8
0 105 8 1 92 0 105 8
0 105 8 1 92 0 105 8
0 105 8 1 31 0 105 8
0 105 8 1 708 0 105 8
0 105 8 1 708 0 105 8
0 105 8 1 98 0 105 8
0 105 8 1 98 0 105 8
0 105 8 1 502 0 105 8
0 105 8 1 502 0 105 8
0 105 8 1 828 0 105 8
0 105 8 1 828 0 105 8
0 105 8 1 828 0 105 8
0 105 8 1 714 0 105 8
0 105 8 1 714 0 105 8
0 105 8 1 1026 0 105 8
0 105 8 1 285 0 105 8
0 105 8 1 285 0 105 8
0 105 8 1 285 0 105 8
0 105 8 1 285 0 105 8
0 105 8 1 458 0 105 8
0 105 8 1 1158 0 105 8
0 105 8 1 1158 0 105 8
-1
28 60
0 258 2 1 826 0 258 2
0 258 2 1 826 0 258 2
0 258 2 1 826 0 258 2
0 258 2 1 178 0 258 2
0 258 2 1 756 0 258 2
0 258 2 1 756 0 258 2
0 258 2 1 901 0 258 2
0 258 2 1 901 0 258 2
0 258 2 1 1076 0 258 2
0 258 2 1 744 0 258 2
0 258 2 1 548 0 258 2
0 258 2 1 548 0 258 2
0 258 2 1 1102 0 258 2
0 258 2 1 1102 0 258 2
0 258 2 1 567 0 258 2
0 258 2 1 567 0 258 2
0 258 2 1 1096 0 258 2
0 258 2 1 1096 0 258 2
0 258 2 1 150 0 258 2
0 258 2 1 150 0 258 2
0 258 2 1 771 0 258 2
0 258 2 1 1033 0 258 2
0 258 2 1 745 0 258 2
0 258 2 1 745 0 258 2
0 258 2 1 745 0 258 2
0 258 2 1 1064 0 258 2
0 258 2 1 1044 0 258 2
0 258 2 1 140 0 258 2
0 258 2 1 140 0 258 2
0 258 2 1 140 0 258 2
0 258 2 1 140 0 258 2
0 258 2 1 643 0 258 2
0 258 2 1 643 0 258 2
0 258 2 1 643 0 258 2
0 258 2 1 643 0 258 2
0 258 2 1 952 0 258 2
0 258 2 1 952 0 258 2
0 258 2 1 1110 0 258 2
0 258 2 1 1142 0 258 2
0 258 2 1 61 0 258 2
0 258 2 1 106 0 258 2
0 258 2 1 106 0 258 2
0 258 2 1 62 0 258 2
0 258 2 1 62 0 258 2
0 258 2 1 92 0 258 2
0 258 2 1 708 0 258 2
0 258 2 1 502 0 258 2
0 258 2 1 502 0 258 2
0 258 2 1 828 0 258 2
0 258 2 1 828 0 258 2
0 258 2 1 265 0 258 2
0 258 2 1 689 0 258 2
0 258 2 1 714 0 258 2
0 258 2 1 714 0 258 2
0 258 2 1 1026 0 258 2
0 258 2 1 1020 0 258 2
0 258 2 1 285 0 258 2
0 258 2 1 458 0 258 2
0 258 2 1 458 0 258 2
0 90 678 1 744 0 90 678
-1
29 57
0 143 0 1 826 0 143 0
0 143 0 1 178 0 143 0
0 143 0 1 990 0 143 0
0 143 0 1 901 0 143 0
0 143 0 1 901 0 143 0
0 143 0 1 1076 0 143 0
0 143 0 1 1076 0 143 0
0 143 0 1 548 0 143 0
0 143 0 1 548 0 143 0
0 143 0 1 548 0 143 0
0 143 0 1 1102 0 143 0
0 143 0 1 280 0 143 0
0 143 0 1 280 0 143 0
0 143 0 1 280 0 143 0
0 143 0 1 1096 0 143 0
0 143 0 1 1096 0 143 0
0 143 0 1 150 0 143 0
0 143 0 1 1033 0 143 0
0 143 0 1 553 0 143 0
0 143 0 1 745 0 143 0
0 143 0 1 745 0 143 0
0 143 0 1 1064 0 143 0
0 143 0 1 1044 0 143 0
0 143 0 1 140 0 143 0
0 143 0 1 140 0 143 0
0 143 0 1 140 0 143 0
0 143 0 1 643 0 143 0
0 143 0 1 952 0 143 0
0 143 0 1 952 0 143 0
0 143 0 1 1110 0 143 0
0 143 0 1 1142 0 143 0
0 143 0 1 1142 0 143 0
0 143 0 1 1142 0 143 0
0 143 0 1 61 0 143 0
0 143 0 1 106 0 143 0
0 143 0 1 106 0 143 0
0 143 0 1 62 0 143 0
0 143 0 1 92 0 143 0
0 143 0 1 92 0 143 0
0 143 0 1 92 0 143 0
0 143 0 1 708 0 143 0
0 143 0 1 98 0 143 0
0 143 0 1 98 0 143 0
0 143 0 1 689 0 143 0
0 143 0 1 1026 0 143 0
0 143 0 1 1026 0 143 0
0 143 0 1 1020 0 143 0
0 143 0 1 88 0 143 0
0 143 0 1 88 0 143 0
0 143 0 1 88 0 143 0
0 143 0 1 88 0 143 0
0 143 0 1 1158 0 143 0
0 143 0 1 1158 0 143 0
0 143 0 1 1158 0 143 0
0 143 0 1 1035 0 143 0
0 143 0 1 1035 0 143 0
0 0 169 1 548 0 0 169
-1
30 56
0 282 0 1 826 0 282 0
0 282 0 1 826 0 282 0
0 282 0 1 990 0 282 0
0 282 0 1 990 0 282 0
0 282 0 1 901 0 282 0
0 282 0 1 901 0 282 0
0 282 0 1 1076 0 282 0
0 282 0 1 744 0 282 0
0 282 0 1 548 0 282 0
0 282 0 1 280 0 282 0
0 282 0 1 567 0 282 0
0 282 0 1 1096 0 282 0
0 282 0 1 150 0 282 0
0 282 0 1 771 0 282 0
0 282 0 1 771 0 282 0
0 282 0 1 771 0 282 0
0 282 0 1 553 0 282 0
0 282 0 1 745 0 282 0
0 282 0 1 745 0 282 0
0 282 0 1 745 0 282 0
0 282 0 1 1064 0 282 0
0 282 0 1 1064 0 282 0
0 282 0 1 1064 0 282 0
0 282 0 1 1064 0 282 0
0 282 0 1 1064 0 282 0
0 282 0 1 1044 0 282 0
0 282 0 1 1044 0 282 0
0 282 0 1 952 0 282 0
0 282 0 1 1110 0 282 0
0 282 0 1 1142 0 282 0
0 282 0 1 1142 0 282 0
0 282 0 1 1142 0 282 0
0 282 0 1 106 0 282 0
0 282 0 1 62 0 282 0
0 282 0 1 92 0 282 0
0 282 0 1 92 0 282 0
0 282 0 1 502 0 282 0
0 282 0 1 265 0 282 0
0 282 0 1 689 0 282 0
0 282 0 1 689 0 282 0
0 282 0 1 714 0 282 0
0 282 0 1 714 0 282 0
0 282 0 1 714 0 282 0
0 282 0 1 1020 0 282 0
0 282 0 1 285 0 282 0
0 282 0 1 285 0 282 0
0 282 0 1 458 0 282 0
0 282 0 1 458 0 282 0
0 282 0 1 458 0 282 0
0 282 0 1 458 0 282 0
0 282 0 1 88 0 282 0
0 282 0 1 88 0 282 0
0 282 0 1 1035 0 282 0
0 282 0 1 1035 0 282 0
0 282 0 1 1035 0 282 0
0 282 0 1 1035 0 282 0
-1
31 57
0 223 8 1 826 0 223 8
0 223 8 1 178 0 223 8
0 223 8 1 178 0 223 8
0 223 8 1 990 0 223 8
0 223 8 1 990 0 223 8
0 223 8 1 901 0 223 8
0 223 8 1 1076 0 223 8
0 223 8 1 1076 0 223 8
0 223 8 1 744 0 223 8
0 223 8 1 744 0 223 8
0 223 8 1 548 0 223 8
0 223 8 1 548 0 223 8
0 223 8 1 1102 0 223 8
0 223 8 1 280 0 223 8
0 223 8 1 1096 0 223 8
0 223 8 1 1096 0 223 8
0 223 8 1 1096 0 223 8
0 223 8 1 1096 0 223 8
0 223 8 1 150 0 223 8
0 223 8 1 150 0 223 8
0 223 8 1 150 0 223 8
0 223 8 1 1033 0 223 8
0 223 8 1 553 0 223 8
0 223 8 1 1064 0 223 8
0 223 8 1 1044 0 223 8
0 223 8 1 140 0 223 8
0 223 8 1 643 0 223 8
0 223 8 1 643 0 223 8
0 223 8 1 643 0 223 8
0 223 8 1 643 0 223 8
0 223 8 1 952 0 223 8
0 223 8 1 952 0 223 8
0 223 8 1 1110 0 223 8
0 223 8 1 61 0 223 8
0 223 8 1 31 0 223 8
0 223 8 1 708 0 223 8
0 223 8 1 708 0 223 8
0 223 8 1 98 0 223 8
0 223 8 1 828 0 223 8
0 223 8 1 265 0 223 8
0 223 8 1 265 0 223 8
0 223 8 1 265 0 223 8
0 223 8 1 689 0 223 8
0 223 8 1 689 0 223 8
0 223 8 1 714 0 223 8
0 223 8 1 714 0 223 8
0 223 8 1 714 0 223 8
0 223 8 1 1026 0 223 8
0 223 8 1 285 0 223 8
0 223 8 1 285 0 223 8
0 223 8 1 285 0 223 8
0 223 8 1 458 0 223 8
0 223 8 1 458 0 223 8
0 223 8 1 88 0 223 8
0 223 8 1 88 0 223 8
0 223 8 1 88 0 223 8
0 223 8 1 1035 0 223 8
-1
32 59
0 190 8 1 826 0 190 8
0 190 8 1 178 0 190 8
0 190 8 1 178 0 190 8
0 190 8 1 178 0 190 8
0 190 8 1 756 0 190 8
0 190 8 1 990 0 190 8
0 190 8 1 990 0 190 8
0 190 8 1 901 0 190 8
0 190 8 1 901 0 190 8
0 190 8 1 1076 0 190 8
0 190 8 1 1076 0 190 8
0 190 8 1 1076 0 190 8
0 190 8 1 1076 0 190 8
0 190 8 1 744 0 190 8
0 190 8 1 548 0 190 8
0 190 8 1 548 0 190 8
0 190 8 1 567 0 190 8
0 190 8 1 567 0 190 8
0 190 8 1 1096 0 190 8
0 190 8 1 150 0 190 8
0 190 8 1 150 0 190 8
0 190 8 1 1033 0 190 8
0 190 8 1 745 0 190 8
0 190 8 1 745 0 190 8
0 190 8 1 745 0 190 8
0 190 8 1 745 0 190 8
0 190 8 1 745 0 190 8
0 190 8 1 1064 0 190 8
0 190 8 1 1044 0 190 8
0 190 8 1 643 0 190 8
0 190 8 1 952 0 190 8
0 190 8 1 1110 0 190 8
0 190 8 1 1110 0 190 8
0 190 8 1 61 0 190 8
0 190 8 1 106 0 190 8
0 190 8 1 62 0 190 8
0 190 8 1 31 0 190 8
0 190 8 1 708 0 190 8
0 190 8 1 708 0 190 8
0 190 8 1 828 0 190 8
0 190 8 1 828 0 190 8
0 190 8 1 265 0 190 8
0 190 8 1 689 0 190 8
0 190 8 1 689 0 190 8
0 190 8 1 689 0 190 8
0 190 8 1 714 0 190 8
0 190 8 1 714 0 190 8
0 190 8 1 714 0 190 8
0 190 8 1 1026 0 190 8
0 190 8 1 1026 0 190 8
0 190 8 1 1020 0 190 8
0 190 8 1 1020 0 190 8
0 190 8 1 285 0 190 8
0 190 8 1 458 0 190 8
0 190 8 1 458 0 190 8
0 190 8 1 458 0 190 8
0 190 8 1 88 0 190 8
0 190 8 1 1158 0 190 8
0 190 8 1 1158 0 190 8
-1
33 58
0 160 8 1 826 0 160 8
0 160 8 1 826 0 160 8
0 160 8 1 826 0 160 8
0 160 8 1 178 0 160 8
0 160 8 1 990 0 160 8
0 160 8 1 990 0 160 8
0 160 8 1 1076 0 160 8
0 160 8 1 1076 0 160 8
0 160 8 1 1076 0 160 8
0 160 8 1 744 0 160 8
0 160 8 1 548 0 160 8
0 160 8 1 548 0 160 8
0 160 8 1 548 0 160 8
0 160 8 1 1102 0 160 8
0 160 8 1 280 0 160 8
0 160 8 1 280 0 160 8
0 160 8 1 280 0 160 8
0 160 8 1 1096 0 160 8
0 160 8 1 150 0 160 8
0 160 8 1 553 0 160 8
0 160 8 1 1064 0 160 8
0 160 8 1 1064 0 160 8
0 160 8 1 1064 0 160 8
0 160 8 1 1044 0 160 8
0 160 8 1 1044 0 160 8
0 160 8 1 140 0 160 8
0 160 8 1 952 0 160 8
0 160 8 1 952 0 160 8
0 160 8 1 1142 0 160 8
0 160 8 1 1142 0 160 8
0 160 8 1 61 0 160 8
0 160 8 1 61 0 160 8
0 160 8 1 92 0 160 8
0 160 8 1 31 0 160 8
0 160 8 1 708 0 160 8
0 160 8 1 708 0 160 8
0 160 8 1 708 0 160 8
0 160 8 1 98 0 160 8
0 160 8 1 98 0 160 8
0 160 8 1 828 0 160 8
0 160 8 1 828 0 160 8
0 160 8 1 828 0 160 8
0 160 8 1 265 0 160 8
0 160 8 1 265 0 160 8
0 160 8 1 714 0 160 8
0 160 8 1 714 0 160 8
0 160 8 1 714 0 160 8
0 160 8 1 714 0 160 8
0 160 8 1 1026 0 160 8
0 160 8 1 1026 0 160 8
0 160 8 1 1020 0 160 8
0 160 8 1 1020 0 160 8
0 160 8 1 1020 0 160 8
0 160 8 1 285 0 160 8
0 160 8 1 458 0 160 8
0 160 8 1 458 0 160 8
0 160 8 1 88 0 160 8
0 160 8 1 88 0 160 8
-1
34 57
0 295 6 1 826 0 295 6
0 295 6 1 178 0 295 6
0 295 6 1 178 0 295 6
0 295 6 1 178 0 295 6
0 295 6 1 178 0 295 6
0 295 6 1 901 0 295 6
0 295 6 1 901 0 295 6
0 295 6 1 901 0 295 6
0 295 6 1 901 0 295 6
0 295 6 1 1076 0 295 6
0 295 6 1 548 0 295 6
0 295 6 1 548 0 295 6
0 295 6 1 1102 0 295 6
0 295 6 1 1102 0 295 6
0 295 6 1 280 0 295 6
0 295 6 1 280 0 295 6
0 295 6 1 280 0 295 6
0 295 6 1 567 0 295 6
0 295 6 1 150 0 295 6
0 295 6 1 150 0 295 6
0 295 6 1 1033 0 295 6
0 295 6 1 553 0 295 6
0 295 6 1 1064 0 295 6
0 295 6 1 140 0 295 6
0 295 6 1 140 0 295 6
0 295 6 1 643 0 295 6
0 295 6 1 643 0 295 6
0 295 6 1 952 0 295 6
0 295 6 1 952 0 295 6
0 295 6 1 1110 0 295 6
0 295 6 1 106 0 295 6
0 295 6 1 62 0 295 6
0 295 6 1 31 0 295 6
0 295 6 1 708 0 295 6
0 295 6 1 708 0 295 6
0 295 6 1 502 0 295 6
0 295 6 1 502 0 295 6
0 295 6 1 828 0 295 6
0 295 6 1 714 0 295 6
0 295 6 1 1026 0 295 6
0 295 6 1 1026 0 295 6
0 295 6 1 1020 0 295 6
0 295 6 1 1020 0 295 6
0 295 6 1 285 0 295 6
0 295 6 1 458 0 295 6
0 295 6 1 458 0 295 6
0 295 6 1 88 0 295 6
0 295 6 1 88 0 295 6
0 295 6 1 1158 0 295 6
0 295 6 1 1158 0 295 6
0 295 6 1 1158 0 295 6
0 295 6 1 1035 0 295 6
0 295 6 1 1035 0 295 6
0 295 6 1 1035 0 295 6
0 295 6 1 1035 0 295 6
0 295 6 1 1035 0 295 6
0 295 6 1 1035 0 295 6
-1
35 56
0 123 4 1 826 0 123 4
0 123 4 1 178 0 123 4
0 123 4 1 756 0 123 4
0 123 4 1 990 0 123 4
0 123 4 1 990 0 123 4
0 123 4 1 744 0 123 4
0 123 4 1 744 0 123 4
0 123 4 1 744 0 123 4
0 123 4 1 548 0 123 4
0 123 4 1 548 0 123 4
0 123 4 1 280 0 123 4
0 123 4 1 280 0 123 4
0 123 4 1 1096 0 123 4
0 123 4 1 1096 0 123 4
0 123 4 1 150 0 123 4
0 123 4 1 150 0 123 4
0 123 4 1 150 0 123 4
0 123 4 1 771 0 123 4
0 123 4 1 553 0 123 4
0 123 4 1 553 0 123 4
0 123 4 1 1064 0 123 4
0 123 4 1 140 0 123 4
0 123 4 1 952 0 123 4
0 123 4 1 952 0 123 4
0 123 4 1 1142 0 123 4
0 123 4 1 61 0 123 4
0 123 4 1 61 0 123 4
0 123 4 1 106 0 123 4
0 123 4 1 62 0 123 4
0 123 4 1 92 0 123 4
0 123 4 1 92 0 123 4
0 123 4 1 92 0 123 4
0 123 4 1 31 0 123 4
0 123 4 1 31 0 123 4
0 123 4 1 31 0 123 4
0 123 4 1 708 0 123 4
0 123 4 1 708 0 123 4
0 123 4 1 98 0 123 4
0 123 4 1 828 0 123 4
0 123 4 1 828 0 123 4
0 123 4 1 828 0 123 4
0 123 4 1 828 0 123 4
0 123 4 1 265 0 123 4
0 123 4 1 265 0 123 4
0 123 4 1 689 0 123 4
0 123 4 1 714 0 123 4
0 123 4 1 714 0 123 4
0 123 4 1 1026 0 123 4
0 123 4 1 1026 0 123 4
0 123 4 1 1020 0 123 4
0 123 4 1 285 0 123 4
0 123 4 1 88 0 123 4
0 123 4 1 1158 0 123 4
0 123 4 1 1158 0 123 4
0 123 4 1 1158 0 123 4
0 98 254 1 31 0 98 254
-1
36 57
0 285 4 1 826 0 285 4
0 285 4 1 178 0 285 4
0 285 4 1 178 0 285 4
0 285 4 1 756 0 285 4
0 285 4 1 756 0 285 4
0 285 4 1 990 0 285 4
0 285 4 1 990 0 285 4
0 285 4 1 901 0 285 4
0 285 4 1 901 0 285 4
0 285 4 1 1076 0 285 4
0 285 4 1 1076 0 285 4
0 285 4 1 1102 0 285 4
0 285 4 1 1102 0 285 4
0 285 4 1 280 0 285 4
0 285 4 1 567 0 285 4
0 285 4 1 1096 0 285 4
0 285 4 1 1096 0 285 4
0 285 4 1 771 0 285 4
0 285 4 1 1033 0 285 4
0 285 4 1 553 0 285 4
0 285 4 1 1064 0 285 4
0 285 4 1 1064 0 285 4
0 285 4 1 1064 0 285 4
0 285 4 1 140 0 285 4
0 285 4 1 140 0 285 4
0 285 4 1 140 0 285 4
0 285 4 1 643 0 285 4
0 285 4 1 952 0 285 4
0 285 4 1 952 0 285 4
0 285 4 1 1142 0 285 4
0 285 4 1 1142 0 285 4
0 285 4 1 61 0 285 4
0 285 4 1 62 0 285 4
0 285 4 1 92 0 285 4
0 285 4 1 92 0 285 4
0 285 4 1 92 0 285 4
0 285 4 1 31 0 285 4
0 285 4 1 708 0 285 4
0 285 4 1 708 0 285 4
0 285 4 1 502 0 285 4
0 285 4 1 265 0 285 4
0 285 4 1 714 0 285 4
0 285 4 1 714 0 285 4
0 285 4 1 1020 0 285 4
0 285 4 1 1020 0 285 4
0 285 4 1 1020 0 285 4
0 285 4 1 88 0 285 4
0 285 4 1 88 0 285 4
0 285 4 1 88 0 285 4
0 285 4 1 88 0 285 4
0 285 4 1 1158 0 285 4
0 285 4 1 1158 0 285 4
0 285 4 1 1158 0 285 4
0 285 4 1 1158 0 285 4
0 285 4 1 1035 0 285 4
0 285 4 1 1035 0 285 4
0 285 4 1 1035 0 285 4
-1
37 57
0 295 6 1 178 0 295 6
0 295 6 1 178 0 295 6
0 295 6 1 178 0 295 6
0 295 6 1 178 0 295 6
0 295 6 1 990 0 295 6
0 295 6 1 990 0 295 6
0 295 6 1 901 0 295 6
0 295 6 1 1076 0 295 6
0 295 6 1 1102 0 295 6
0 295 6 1 1102 0 295 6
0 295 6 1 567 0 295 6
0 295 6 1 567 0 295 6
0 295 6 1 567 0 295 6
0 295 6 1 567 0 295 6
0 295 6 1 567 0 295 6
0 295 6 1 1096 0 295 6
0 295 6 1 1096 0 295 6
0 295 6 1 150 0 295 6
0 295 6 1 771 0 295 6
0 295 6 1 1033 0 295 6
0 295 6 1 745 0 295 6
0 295 6 1 1064 0 295 6
0 295 6 1 1044 0 295 6
0 295 6 1 1044 0 295 6
0 295 6 1 1044 0 295 6
0 295 6 1 643 0 295 6
0 295 6 1 643 0 295 6
0 295 6 1 643 0 295 6
0 295 6 1 952 0 295 6
0 295 6 1 952 0 295 6
0 295 6 1 1110 0 295 6
0 295 6 1 1110 0 295 6
0 295 6 1 1142 0 295 6
0 295 6 1 61 0 295 6
0 295 6 1 61 0 295 6
0 295 6 1 62 0 295 6
0 295 6 1 92 0 295 6
0 295 6 1 31 0 295 6
0 295 6 1 708 0 295 6
0 295 6 1 708 0 295 6
0 295 6 1 98 0 295 6
0 295 6 1 502 0 295 6
0 295 6 1 502 0 295 6
0 295 6 1 265 0 295 6
0 295 6 1 714 0 295 6
0 295 6 1 714 0 295 6
0 295 6 1 714 0 295 6
0 295 6 1 1026 0 295 6
0 295 6 1 1026 0 295 6
0 295 6 1 1020 0 295 6
0 295 6 1 1020 0 295 6
0 295 6 1 285 0 295 6
0 295 6 1 285 0 295 6
0 295 6 1 285 0 295 6
0 295 6 1 285 0 295 6
0 295 6 1 285 0 295 6
0 295 6 1 458 0 295 6
-1
38 58
0 248 4 1 178 0 248 4
0 248 4 1 178 0 248 4
0 248 4 1 756 0 248 4
0 248 4 1 990 0 248 4
0 248 4 1 990 0 248 4
0 248 4 1 990 0 248 4
0 248 4 1 990 0 248 4
0 248 4 1 901 0 248 4
0 248 4 1 1076 0 248 4
0 248 4 1 744 0 248 4
0 248 4 1 548 0 248 4
0 248 4 1 1102 0 248 4
0 248 4 1 280 0 248 4
0 248 4 1 567 0 248 4
0 248 4 1 771 0 248 4
0 248 4 1 771 0 248 4
0 248 4 1 771 0 248 4
0 248 4 1 771 0 248 4
0 248 4 1 745 0 248 4
0 248 4 1 745 0 248 4
0 248 4 1 1044 0 248 4
0 248 4 1 1044 0 248 4
0 248 4 1 1044 0 248 4
0 248 4 1 643 0 248 4
0 248 4 1 952 0 248 4
0 248 4 1 1110 0 248 4
0 248 4 1 1142 0 248 4
0 248 4 1 1142 0 248 4
0 248 4 1 61 0 248 4
0 248 4 1 61 0 248 4
0 248 4 1 61 0 248 4
0 248 4 1 106 0 248 4
0 248 4 1 106 0 248 4
0 248 4 1 106 0 248 4
0 248 4 1 62 0 248 4
0 248 4 1 92 0 248 4
0 248 4 1 31 0 248 4
0 248 4 1 708 0 248 4
0 248 4 1 708 0 248 4
0 248 4 1 708 0 248 4
0 248 4 1 98 0 248 4
0 248 4 1 98 0 248 4
0 248 4 1 502 0 248 4
0 248 4 1 828 0 248 4
0 248 4 1 828 0 248 4
0 248 4 1 689 0 248 4
0 248 4 1 689 0 248 4
0 248 4 1 689 0 248 4
0 248 4 1 689 0 248 4
0 248 4 1 714 0 248 4
0 248 4 1 714 0 248 4
0 248 4 1 1026 0 248 4
0 248 4 1 1020 0 248 4
0 248 4 1 285 0 248 4
0 248 4 1 285 0 248 4
0 248 4 1 285 0 248 4
0 248 4 1 285 0 248 4
0 3 843 1 826 0 3 843
-1
39 59
0 221 2 1 826 0 221 2
0 221 2 1 178 0 221 2
0 221 2 1 178 0 221 2
0 221 2 1 990 0 221 2
0 221 2 1 990 0 221 2
0 221 2 1 990 0 221 2
0 221 2 1 990 0 221 2
0 221 2 1 1076 0 221 2
0 221 2 1 1076 0 221 2
0 221 2 1 1076 0 221 2
0 221 2 1 548 0 221 2
0 221 2 1 548 0 221 2
0 221 2 1 280 0 221 2
0 221 2 1 567 0 221 2
0 221 2 1 567 0 221 2
0 221 2 1 1096 0 221 2
0 221 2 1 150 0 221 2
0 221 2 1 150 0 221 2
0 221 2 1 150 0 221 2
0 221 2 1 771 0 221 2
0 221 2 1 553 0 221 2
0 221 2 1 553 0 221 2
0 221 2 1 1064 0 221 2
0 221 2 1 1044 0 221 2
0 221 2 1 1044 0 221 2
0 221 2 1 1044 0 221 2
0 221 2 1 643 0 221 2
0 221 2 1 643 0 221 2
0 221 2 1 643 0 221 2
0 221 2 1 643 0 221 2
0 221 2 1 643 0 221 2
0 221 2 1 952 0 221 2
0 221 2 1 952 0 221 2
0 221 2 1 952 0 221 2
0 221 2 1 952 0 221 2
0 221 2 1 1110 0 221 2
0 221 2 1 1110 0 221 2
0 221 2 1 1142 0 221 2
0 221 2 1 1142 0 221 2
0 221 2 1 61 0 221 2
0 221 2 1 61 0 221 2
0 221 2 1 61 0 221 2
0 221 2 1 31 0 221 2
0 221 2 1 31 0 221 2
0 221 2 1 31 0 221 2
0 221 2 1 708 0 221 2
0 221 2 1 708 0 221 2
0 221 2 1 708 0 221 2
0 221 2 1 502 0 221 2
0 221 2 1 828 0 221 2
0 221 2 1 689 0 221 2
0 221 2 1 689 0 221 2
0 221 2 1 714 0 221 2
0 221 2 1 714 0 221 2
0 221 2 1 1020 0 221 2
0 221 2 1 458 0 221 2
0 221 2 1 88 0 221 2
0 221 2 1 88 0 221 2
0 98 823 1 61 0 98 823
-1
40 56
0 183 6 1 826 0 183 6
0 183 6 1 756 0 183 6
0 183 6 1 990 0 183 6
0 183 6 1 990 0 183 6
0 183 6 1 990 0 183 6
0 183 6 1 901 0 183 6
0 183 6 1 1076 0 183 6
0 183 6 1 548 0 183 6
0 183 6 1 548 0 183 6
0 183 6 1 280 0 183 6
0 183 6 1 567 0 183 6
0 183 6 1 1096 0 183 6
0 183 6 1 150 0 183 6
0 183 6 1 150 0 183 6
0 183 6 1 150 0 183 6
0 183 6 1 771 0 183 6
0 183 6 1 1033 0 183 6
0 183 6 1 1033 0 183 6
0 183 6 1 1033 0 183 6
0 183 6 1 553 0 183 6
0 183 6 1 745 0 183 6
0 183 6 1 745 0 183 6
0 183 6 1 745 0 183 6
0 183 6 1 1064 0 183 6
0 183 6 1 1064 0 183 6
0 183 6 1 1044 0 183 6
0 183 6 1 1044 0 183 6
0 183 6 1 140 0 183 6
0 183 6 1 952 0 183 6
0 183 6 1 1142 0 183 6
0 183 6 1 1142 0 183 6
0 183 6 1 61 0 183 6
0 183 6 1 106 0 183 6
0 183 6 1 106 0 183 6
0 183 6 1 106 0 183 6
0 183 6 1 62 0 183 6
0 183 6 1 31 0 183 6
0 183 6 1 31 0 183 6
0 183 6 1 708 0 183 6
0 183 6 1 98 0 183 6
0 183 6 1 98 0 183 6
0 183 6 1 828 0 183 6
0 183 6 1 1026 0 183 6
0 183 6 1 285 0 183 6
0 183 6 1 285 0 183 6
0 183 6 1 285 0 183 6
0 183 6 1 458 0 183 6
0 183 6 1 458 0 183 6
0 183 6 1 88 0 183 6
0 183 6 1 88 0 183 6
0 183 6 1 1158 0 183 6
0 183 6 1 1158 0 183 6
0 183 6 1 1158 0 183 6
0 183 6 1 1035 0 183 6
0 183 6 1 1035 0 183 6
0 183 6 1 1035 0 183 6
-1
