1 18
10 149 2 1 9 10 149 2
10 149 2 1 9 10 149 2
10 149 2 1 9 10 149 2
10 149 2 1 9 10 149 2
10 149 2 1 9 10 149 2
10 149 2 1 9 10 149 2
10 149 2 1 9 10 149 2
10 149 2 1 9 10 149 2
10 149 2 1 9 10 149 2
10 149 2 1 9 10 149 2
10 149 2 1 9 10 149 2
10 149 2 1 6 10 149 2
10 149 2 1 6 10 149 2
10 149 2 1 6 10 149 2
10 149 2 1 6 10 149 2
10 149 2 1 6 10 149 2
10 149 2 1 6 10 149 2
10 149 2 1 6 10 149 2
-1
2 18
16 166 0 1 9 16 166 0
16 166 0 1 9 16 166 0
16 166 0 1 9 16 166 0
16 166 0 1 9 16 166 0
16 166 0 1 9 16 166 0
16 166 0 1 9 16 166 0
16 166 0 1 9 16 166 0
16 166 0 1 9 16 166 0
16 166 0 1 9 16 166 0
16 166 0 1 9 16 166 0
16 166 0 1 9 16 166 0
16 166 0 1 9 16 166 0
16 166 0 1 6 16 166 0
16 166 0 1 6 16 166 0
16 166 0 1 6 16 166 0
16 166 0 1 6 16 166 0
16 166 0 1 6 16 166 0
16 166 0 1 6 16 166 0
-1
3 18
21 233 1 1 9 21 233 1
21 233 1 1 9 21 233 1
21 233 1 1 9 21 233 1
21 233 1 1 9 21 233 1
21 233 1 1 9 21 233 1
21 233 1 1 9 21 233 1
21 233 1 1 9 21 233 1
21 233 1 1 9 21 233 1
21 233 1 1 9 21 233 1
21 233 1 1 9 21 233 1
21 233 1 1 9 21 233 1
21 233 1 1 9 21 233 1
21 233 1 1 9 21 233 1
21 233 1 1 6 21 233 1
21 233 1 1 6 21 233 1
21 233 1 1 6 21 233 1
21 233 1 1 6 21 233 1
21 233 1 1 6 21 233 1
-1
4 18
17 152 0 1 9 17 152 0
17 152 0 1 9 17 152 0
17 152 0 1 9 17 152 0
17 152 0 1 9 17 152 0
17 152 0 1 9 17 152 0
17 152 0 1 9 17 152 0
17 152 0 1 9 17 152 0
17 152 0 1 9 17 152 0
17 152 0 1 9 17 152 0
17 152 0 1 9 17 152 0
17 152 0 1 9 17 152 0
17 152 0 1 9 17 152 0
17 152 0 1 6 17 152 0
17 152 0 1 6 17 152 0
17 152 0 1 6 17 152 0
17 152 0 1 6 17 152 0
17 152 0 1 6 17 152 0
17 152 0 1 6 17 152 0
-1
5 18
0 249 6 1 9 0 249 6
0 249 6 1 9 0 249 6
0 249 6 1 9 0 249 6
0 249 6 1 9 0 249 6
0 249 6 1 9 0 249 6
0 249 6 1 9 0 249 6
0 249 6 1 9 0 249 6
0 249 6 1 9 0 249 6
0 249 6 1 9 0 249 6
0 249 6 1 9 0 249 6
0 249 6 1 9 0 249 6
0 249 6 1 6 0 249 6
0 249 6 1 6 0 249 6
0 249 6 1 6 0 249 6
0 249 6 1 6 0 249 6
0 249 6 1 6 0 249 6
0 249 6 1 6 0 249 6
0 249 6 1 6 0 249 6
-1
