1 7
0 8547 0 1 2 0 8547 0
0 8547 0 1 7 0 8547 0
0 8547 0 1 10 0 8547 0
0 8547 0 1 5 0 8547 0
0 8547 0 1 8 0 8547 0
0 8547 0 1 3 0 8547 0
0 8249 1835 3 9 0 4923 547 5 0 3027 1286 7 0 299 2
-1
2 4
39 414 6 1 2 39 414 6
39 414 6 1 2 39 414 6
39 316 609 1 6 39 316 609
39 12 1044 1 2 39 12 1044
-1
3 9
128 1605 4 1 6 128 1605 4
128 1605 4 1 6 128 1605 4
128 1605 4 1 10 128 1605 4
128 1605 4 1 4 128 1605 4
128 1605 4 1 4 128 1605 4
128 1605 4 1 4 128 1605 4
128 1605 4 1 4 128 1605 4
128 1605 4 1 4 128 1605 4
128 502 1235 1 4 128 502 1235
-1
4 12
91 1081 2 1 6 91 1081 2
91 1081 2 1 6 91 1081 2
91 1081 2 1 4 91 1081 2
91 1081 2 1 7 91 1081 2
91 1081 2 1 7 91 1081 2
91 1081 2 1 7 91 1081 2
91 1081 2 1 1 91 1081 2
91 1081 2 1 1 91 1081 2
91 1081 2 1 1 91 1081 2
91 1081 2 1 1 91 1081 2
91 1081 2 1 1 91 1081 2
91 421 698 1 1 91 421 698
-1
5 7
0 846 0 1 6 0 846 0
0 846 0 1 6 0 846 0
0 846 0 1 6 0 846 0
0 846 0 1 6 0 846 0
0 846 0 1 10 0 846 0
0 846 0 1 4 0 846 0
0 304 1706 2 10 0 304 1266 6 0 0 440
-1
