1 41
0 6451 2 1 885 0 6451 2
0 6451 2 1 999 0 6451 2
0 6451 2 1 456 0 6451 2
0 6451 2 1 249 0 6451 2
0 6451 2 1 448 0 6451 2
0 6451 2 1 806 0 6451 2
0 6451 2 1 57 0 6451 2
0 6451 2 1 747 0 6451 2
0 6451 2 1 1095 0 6451 2
0 6451 2 1 790 0 6451 2
0 6451 2 1 838 0 6451 2
0 6451 2 1 838 0 6451 2
0 6451 2 1 741 0 6451 2
0 6451 2 1 463 0 6451 2
0 6451 2 1 936 0 6451 2
0 6451 2 1 1050 0 6451 2
0 6451 2 1 47 0 6451 2
0 6451 2 1 140 0 6451 2
0 6451 2 1 737 0 6451 2
0 6451 2 1 647 0 6451 2
0 6451 2 1 647 0 6451 2
0 6451 2 1 1137 0 6451 2
0 6451 2 1 509 0 6451 2
0 6451 2 1 472 0 6451 2
0 6451 2 1 935 0 6451 2
0 6451 2 1 572 0 6451 2
0 6451 2 1 1032 0 6451 2
0 6451 2 1 738 0 6451 2
0 6451 2 1 799 0 6451 2
0 6451 2 1 773 0 6451 2
0 6451 2 1 839 0 6451 2
0 6426 110 1 162 0 6426 110
0 6451 2 1 164 0 6451 2
0 6451 2 1 1145 0 6451 2
0 6451 2 1 653 0 6451 2
0 6451 2 1 919 0 6451 2
0 6451 2 1 743 0 6451 2
0 6451 2 1 947 0 6451 2
0 6451 2 1 1108 0 6451 2
0 6451 2 1 348 0 6451 2
0 558 1362 1 456 0 558 1362
-1
2 71
0 322 2 1 307 0 322 2
0 322 2 1 307 0 322 2
0 322 2 1 307 0 322 2
0 322 2 1 307 0 322 2
0 322 2 1 307 0 322 2
0 322 2 1 307 0 322 2
0 322 2 1 307 0 322 2
0 322 2 1 307 0 322 2
0 322 2 1 802 0 322 2
0 322 2 1 802 0 322 2
0 322 2 1 802 0 322 2
0 322 2 1 802 0 322 2
0 322 2 1 680 0 322 2
0 322 2 1 680 0 322 2
0 322 2 1 680 0 322 2
0 322 2 1 948 0 322 2
0 322 2 1 948 0 322 2
0 322 2 1 948 0 322 2
0 322 2 1 948 0 322 2
0 322 2 1 948 0 322 2
0 322 2 1 948 0 322 2
0 322 2 1 948 0 322 2
0 322 2 1 948 0 322 2
0 322 2 1 948 0 322 2
0 322 2 1 948 0 322 2
0 322 2 1 948 0 322 2
0 322 2 1 948 0 322 2
0 322 2 1 948 0 322 2
0 322 2 1 948 0 322 2
0 322 2 1 611 0 322 2
0 322 2 1 611 0 322 2
0 322 2 1 611 0 322 2
0 322 2 1 611 0 322 2
0 322 2 1 611 0 322 2
0 322 2 1 26 0 322 2
0 322 2 1 26 0 322 2
0 322 2 1 26 0 322 2
0 322 2 1 626 0 322 2
0 322 2 1 626 0 322 2
0 322 2 1 626 0 322 2
0 322 2 1 626 0 322 2
0 322 2 1 626 0 322 2
0 316 28 1 626 0 316 28
0 322 2 1 772 0 322 2
0 322 2 1 772 0 322 2
0 322 2 1 787 0 322 2
0 322 2 1 787 0 322 2
0 322 2 1 787 0 322 2
0 322 2 1 787 0 322 2
0 322 2 1 787 0 322 2
0 322 2 1 787 0 322 2
0 322 2 1 683 0 322 2
0 322 2 1 879 0 322 2
0 322 2 1 722 0 322 2
0 322 2 1 4 0 322 2
0 322 2 1 4 0 322 2
0 322 2 1 4 0 322 2
0 322 2 1 4 0 322 2
0 322 2 1 4 0 322 2
0 322 2 1 4 0 322 2
0 322 2 1 4 0 322 2
0 322 2 1 4 0 322 2
0 322 2 1 4 0 322 2
0 322 2 1 689 0 322 2
0 322 2 1 227 0 322 2
0 322 2 1 565 0 322 2
0 322 2 1 1101 0 322 2
0 322 2 1 113 0 322 2
0 322 2 1 503 0 322 2
0 322 2 1 779 0 322 2
0 238 364 1 683 0 238 364
-1
3 61
0 778 0 1 435 0 778 0
0 778 0 1 435 0 778 0
0 778 0 1 373 0 778 0
0 778 0 1 440 0 778 0
0 778 0 1 440 0 778 0
0 778 0 1 440 0 778 0
0 778 0 1 440 0 778 0
0 778 0 1 440 0 778 0
0 778 0 1 440 0 778 0
0 778 0 1 689 0 778 0
0 778 0 1 689 0 778 0
0 778 0 1 683 0 778 0
0 778 0 1 683 0 778 0
0 778 0 1 603 0 778 0
0 778 0 1 603 0 778 0
0 778 0 1 603 0 778 0
0 778 0 1 603 0 778 0
0 778 0 1 613 0 778 0
0 778 0 1 613 0 778 0
0 778 0 1 180 0 778 0
0 778 0 1 180 0 778 0
0 778 0 1 180 0 778 0
0 778 0 1 180 0 778 0
0 778 0 1 180 0 778 0
0 778 0 1 180 0 778 0
0 778 0 1 180 0 778 0
0 778 0 1 180 0 778 0
0 778 0 1 54 0 778 0
0 778 0 1 54 0 778 0
0 778 0 1 54 0 778 0
0 778 0 1 1193 0 778 0
0 778 0 1 1193 0 778 0
0 778 0 1 1193 0 778 0
0 778 0 1 436 0 778 0
0 778 0 1 436 0 778 0
0 778 0 1 436 0 778 0
0 778 0 1 607 0 778 0
0 778 0 1 607 0 778 0
0 778 0 1 607 0 778 0
0 778 0 1 607 0 778 0
0 728 215 1 1169 0 728 215
0 778 0 1 475 0 778 0
0 778 0 1 475 0 778 0
0 778 0 1 475 0 778 0
0 778 0 1 475 0 778 0
0 778 0 1 485 0 778 0
0 778 0 1 485 0 778 0
0 778 0 1 633 0 778 0
0 778 0 1 633 0 778 0
0 778 0 1 503 0 778 0
0 778 0 1 503 0 778 0
0 778 0 1 740 0 778 0
0 778 0 1 740 0 778 0
0 778 0 1 942 0 778 0
0 778 0 1 942 0 778 0
0 778 0 1 942 0 778 0
0 778 0 1 942 0 778 0
0 778 0 1 13 0 778 0
0 778 0 1 13 0 778 0
0 778 0 1 110 0 778 0
0 778 0 1 110 0 778 0
-1
4 53
0 1078 3 1 805 0 1078 3
0 1078 3 1 805 0 1078 3
0 1078 3 1 805 0 1078 3
0 1078 3 1 696 0 1078 3
0 1078 3 1 696 0 1078 3
0 1078 3 1 696 0 1078 3
0 1078 3 1 696 0 1078 3
0 1078 3 1 696 0 1078 3
0 1078 3 1 257 0 1078 3
0 1078 3 1 257 0 1078 3
0 1078 3 1 257 0 1078 3
0 1078 3 1 257 0 1078 3
0 1078 3 1 1142 0 1078 3
0 1078 3 1 1142 0 1078 3
0 1078 3 1 1142 0 1078 3
0 1078 3 1 1142 0 1078 3
0 1078 3 1 234 0 1078 3
0 1078 3 1 234 0 1078 3
0 1078 3 1 234 0 1078 3
0 1078 3 1 234 0 1078 3
0 1078 3 1 512 0 1078 3
0 1078 3 1 512 0 1078 3
0 1078 3 1 512 0 1078 3
0 1078 3 1 1037 0 1078 3
0 1078 3 1 268 0 1078 3
0 1078 3 1 268 0 1078 3
0 1078 3 1 268 0 1078 3
0 1078 3 1 268 0 1078 3
0 1078 3 1 1132 0 1078 3
0 1078 3 1 1132 0 1078 3
0 1078 3 1 1132 0 1078 3
0 1078 3 1 965 0 1078 3
0 1078 3 1 965 0 1078 3
0 1078 3 1 965 0 1078 3
0 1078 3 1 969 0 1078 3
0 1078 3 1 969 0 1078 3
0 1078 3 1 969 0 1078 3
0 1078 3 1 191 0 1078 3
0 1078 3 1 191 0 1078 3
0 1078 3 1 147 0 1078 3
0 1078 3 1 147 0 1078 3
0 1078 3 1 147 0 1078 3
0 1078 3 1 147 0 1078 3
0 1078 3 1 1149 0 1078 3
0 1078 3 1 1149 0 1078 3
0 1078 3 1 1149 0 1078 3
0 1078 3 1 1149 0 1078 3
0 1078 3 1 1149 0 1078 3
0 1078 3 1 837 0 1078 3
0 1078 3 1 837 0 1078 3
0 1078 3 1 837 0 1078 3
0 1078 3 1 837 0 1078 3
0 825 1092 2 234 0 484 1029 805 0 341 63
-1
5 49
0 835 2 1 287 0 835 2
0 835 2 1 287 0 835 2
0 835 2 1 287 0 835 2
0 835 2 1 287 0 835 2
0 835 2 1 999 0 835 2
0 835 2 1 51 0 835 2
0 835 2 1 51 0 835 2
0 835 2 1 51 0 835 2
0 835 2 1 51 0 835 2
0 835 2 1 249 0 835 2
0 835 2 1 249 0 835 2
0 835 2 1 249 0 835 2
0 835 2 1 249 0 835 2
0 835 2 1 448 0 835 2
0 835 2 1 438 0 835 2
0 835 2 1 806 0 835 2
0 835 2 1 182 0 835 2
0 835 2 1 182 0 835 2
0 835 2 1 828 0 835 2
0 835 2 1 828 0 835 2
0 835 2 1 294 0 835 2
0 835 2 1 294 0 835 2
0 835 2 1 294 0 835 2
0 835 2 1 294 0 835 2
0 835 2 1 1104 0 835 2
0 835 2 1 1104 0 835 2
0 835 2 1 1104 0 835 2
0 835 2 1 1104 0 835 2
0 835 2 1 1104 0 835 2
0 835 2 1 297 0 835 2
0 835 2 1 297 0 835 2
0 835 2 1 297 0 835 2
0 835 2 1 297 0 835 2
0 835 2 1 297 0 835 2
0 835 2 1 297 0 835 2
0 835 2 1 710 0 835 2
0 835 2 1 228 0 835 2
0 835 2 1 228 0 835 2
0 835 2 1 44 0 835 2
0 835 2 1 44 0 835 2
0 835 2 1 44 0 835 2
0 835 2 1 743 0 835 2
0 835 2 1 847 0 835 2
0 835 2 1 847 0 835 2
0 835 2 1 847 0 835 2
0 835 2 1 847 0 835 2
0 835 2 1 847 0 835 2
0 835 2 1 476 0 835 2
0 435 1354 1 885 0 435 1354
-1
6 114
0 645 3 1 776 0 645 3
0 645 3 1 776 0 645 3
0 645 3 1 776 0 645 3
0 645 3 1 776 0 645 3
0 645 3 1 776 0 645 3
0 645 3 1 776 0 645 3
0 645 3 1 776 0 645 3
0 645 3 1 776 0 645 3
0 645 3 1 776 0 645 3
0 645 3 1 776 0 645 3
0 645 3 1 776 0 645 3
0 645 3 1 776 0 645 3
0 645 3 1 776 0 645 3
0 645 3 1 776 0 645 3
0 645 3 1 776 0 645 3
0 645 3 1 776 0 645 3
0 645 3 1 776 0 645 3
0 645 3 1 776 0 645 3
0 645 3 1 776 0 645 3
0 645 3 1 776 0 645 3
0 645 3 1 1129 0 645 3
0 645 3 1 1129 0 645 3
0 645 3 1 1129 0 645 3
0 645 3 1 1129 0 645 3
0 645 3 1 1129 0 645 3
0 645 3 1 1129 0 645 3
0 645 3 1 1129 0 645 3
0 645 3 1 1129 0 645 3
0 645 3 1 913 0 645 3
0 645 3 1 913 0 645 3
0 645 3 1 913 0 645 3
0 645 3 1 913 0 645 3
0 645 3 1 913 0 645 3
0 645 3 1 913 0 645 3
0 645 3 1 913 0 645 3
0 645 3 1 913 0 645 3
0 645 3 1 913 0 645 3
0 645 3 1 913 0 645 3
0 645 3 1 913 0 645 3
0 645 3 1 913 0 645 3
0 645 3 1 913 0 645 3
0 645 3 1 913 0 645 3
0 645 3 1 972 0 645 3
0 645 3 1 972 0 645 3
0 645 3 1 972 0 645 3
0 645 3 1 972 0 645 3
0 645 3 1 972 0 645 3
0 645 3 1 972 0 645 3
0 645 3 1 972 0 645 3
0 645 3 1 972 0 645 3
0 645 3 1 972 0 645 3
0 645 3 1 972 0 645 3
0 645 3 1 972 0 645 3
0 645 3 1 972 0 645 3
0 645 3 1 972 0 645 3
0 645 3 1 972 0 645 3
0 645 3 1 972 0 645 3
0 645 3 1 972 0 645 3
0 645 3 1 253 0 645 3
0 645 3 1 253 0 645 3
0 645 3 1 253 0 645 3
0 645 3 1 253 0 645 3
0 645 3 1 253 0 645 3
0 645 3 1 253 0 645 3
0 645 3 1 253 0 645 3
0 645 3 1 253 0 645 3
0 645 3 1 253 0 645 3
0 645 3 1 253 0 645 3
0 645 3 1 253 0 645 3
0 645 3 1 253 0 645 3
0 645 3 1 253 0 645 3
0 645 3 1 253 0 645 3
0 645 3 1 253 0 645 3
0 645 3 1 1069 0 645 3
0 645 3 1 1069 0 645 3
0 645 3 1 1069 0 645 3
0 645 3 1 1069 0 645 3
0 645 3 1 1069 0 645 3
0 645 3 1 1069 0 645 3
0 645 3 1 1069 0 645 3
0 645 3 1 1069 0 645 3
0 645 3 1 1069 0 645 3
0 645 3 1 1069 0 645 3
0 645 3 1 1069 0 645 3
0 645 3 1 1069 0 645 3
0 645 3 1 954 0 645 3
0 645 3 1 954 0 645 3
0 645 3 1 954 0 645 3
0 645 3 1 954 0 645 3
0 645 3 1 954 0 645 3
0 645 3 1 954 0 645 3
0 645 3 1 954 0 645 3
0 645 3 1 954 0 645 3
0 645 3 1 954 0 645 3
0 645 3 1 954 0 645 3
0 645 3 1 954 0 645 3
0 645 3 1 954 0 645 3
0 645 3 1 954 0 645 3
0 645 3 1 954 0 645 3
0 645 3 1 954 0 645 3
0 645 3 1 954 0 645 3
0 645 3 1 42 0 645 3
0 645 3 1 42 0 645 3
0 645 3 1 42 0 645 3
0 645 3 1 42 0 645 3
0 645 3 1 42 0 645 3
0 645 3 1 42 0 645 3
0 645 3 1 42 0 645 3
0 645 3 1 42 0 645 3
0 645 3 1 42 0 645 3
0 645 3 1 42 0 645 3
0 645 3 1 42 0 645 3
0 645 3 1 42 0 645 3
0 582 274 1 913 0 582 274
-1
7 66
0 889 0 1 473 0 889 0
0 889 0 1 473 0 889 0
0 889 0 1 473 0 889 0
0 889 0 1 89 0 889 0
0 889 0 1 89 0 889 0
0 889 0 1 89 0 889 0
0 889 0 1 89 0 889 0
0 889 0 1 1081 0 889 0
0 889 0 1 1081 0 889 0
0 889 0 1 1081 0 889 0
0 889 0 1 1081 0 889 0
0 889 0 1 150 0 889 0
0 889 0 1 150 0 889 0
0 889 0 1 150 0 889 0
0 889 0 1 150 0 889 0
0 889 0 1 150 0 889 0
0 889 0 1 150 0 889 0
0 889 0 1 150 0 889 0
0 889 0 1 152 0 889 0
0 889 0 1 152 0 889 0
0 889 0 1 152 0 889 0
0 889 0 1 1135 0 889 0
0 889 0 1 1135 0 889 0
0 889 0 1 1135 0 889 0
0 889 0 1 119 0 889 0
0 889 0 1 119 0 889 0
0 889 0 1 119 0 889 0
0 889 0 1 119 0 889 0
0 889 0 1 466 0 889 0
0 889 0 1 466 0 889 0
0 889 0 1 267 0 889 0
0 889 0 1 267 0 889 0
0 889 0 1 267 0 889 0
0 889 0 1 267 0 889 0
0 889 0 1 718 0 889 0
0 889 0 1 718 0 889 0
0 889 0 1 718 0 889 0
0 889 0 1 325 0 889 0
0 889 0 1 325 0 889 0
0 889 0 1 291 0 889 0
0 889 0 1 291 0 889 0
0 889 0 1 291 0 889 0
0 889 0 1 291 0 889 0
0 889 0 1 177 0 889 0
0 889 0 1 177 0 889 0
0 889 0 1 177 0 889 0
0 889 0 1 177 0 889 0
0 889 0 1 478 0 889 0
0 889 0 1 478 0 889 0
0 889 0 1 478 0 889 0
0 889 0 1 478 0 889 0
0 889 0 1 478 0 889 0
0 889 0 1 1039 0 889 0
0 889 0 1 1039 0 889 0
0 889 0 1 1039 0 889 0
0 889 0 1 492 0 889 0
0 889 0 1 492 0 889 0
0 889 0 1 372 0 889 0
0 889 0 1 372 0 889 0
0 889 0 1 372 0 889 0
0 889 0 1 372 0 889 0
0 889 0 1 372 0 889 0
0 889 0 1 372 0 889 0
0 889 0 1 1006 0 889 0
0 889 0 1 374 0 889 0
0 743 628 2 1006 0 677 628 119 0 66 0
-1
8 61
0 1090 4 1 435 0 1090 4
0 1090 4 1 1169 0 1090 4
0 1090 4 1 1169 0 1090 4
0 1090 4 1 1169 0 1090 4
0 1090 4 1 373 0 1090 4
0 1090 4 1 373 0 1090 4
0 1090 4 1 373 0 1090 4
0 1090 4 1 373 0 1090 4
0 1090 4 1 440 0 1090 4
0 1090 4 1 440 0 1090 4
0 1090 4 1 440 0 1090 4
0 1090 4 1 440 0 1090 4
0 1090 4 1 689 0 1090 4
0 1090 4 1 683 0 1090 4
0 1090 4 1 603 0 1090 4
0 1090 4 1 603 0 1090 4
0 1090 4 1 603 0 1090 4
0 1090 4 1 603 0 1090 4
0 1090 4 1 613 0 1090 4
0 1090 4 1 180 0 1090 4
0 1090 4 1 54 0 1090 4
0 1090 4 1 54 0 1090 4
0 1090 4 1 54 0 1090 4
0 1090 4 1 54 0 1090 4
0 1090 4 1 1193 0 1090 4
0 1090 4 1 1193 0 1090 4
0 1090 4 1 436 0 1090 4
0 1090 4 1 607 0 1090 4
0 1090 4 1 607 0 1090 4
0 1090 4 1 507 0 1090 4
0 1090 4 1 507 0 1090 4
0 1090 4 1 475 0 1090 4
0 1090 4 1 475 0 1090 4
0 1090 4 1 475 0 1090 4
0 1090 4 1 227 0 1090 4
0 1090 4 1 227 0 1090 4
0 1090 4 1 113 0 1090 4
0 1090 4 1 113 0 1090 4
0 1090 4 1 113 0 1090 4
0 1090 4 1 485 0 1090 4
0 1090 4 1 633 0 1090 4
0 1090 4 1 633 0 1090 4
0 1090 4 1 633 0 1090 4
0 1090 4 1 503 0 1090 4
0 1090 4 1 503 0 1090 4
0 1090 4 1 503 0 1090 4
0 1090 4 1 740 0 1090 4
0 1090 4 1 740 0 1090 4
0 1090 4 1 740 0 1090 4
0 1090 4 1 740 0 1090 4
0 1090 4 1 740 0 1090 4
0 1090 4 1 942 0 1090 4
0 1090 4 1 942 0 1090 4
0 1090 4 1 942 0 1090 4
0 1090 4 1 942 0 1090 4
0 1090 4 1 13 0 1090 4
0 1090 4 1 13 0 1090 4
0 1090 4 1 13 0 1090 4
0 265 938 1 373 0 265 938
0 215 1422 1 180 0 215 1422
0 183 664 1 435 0 183 664
-1
9 64
0 849 0 1 473 0 849 0
0 849 0 1 473 0 849 0
0 849 0 1 473 0 849 0
0 849 0 1 473 0 849 0
0 849 0 1 89 0 849 0
0 849 0 1 89 0 849 0
0 849 0 1 89 0 849 0
0 849 0 1 1081 0 849 0
0 849 0 1 1081 0 849 0
0 849 0 1 1081 0 849 0
0 849 0 1 1081 0 849 0
0 849 0 1 150 0 849 0
0 849 0 1 150 0 849 0
0 849 0 1 150 0 849 0
0 849 0 1 150 0 849 0
0 849 0 1 152 0 849 0
0 849 0 1 1135 0 849 0
0 849 0 1 1135 0 849 0
0 849 0 1 1135 0 849 0
0 849 0 1 1135 0 849 0
0 849 0 1 1135 0 849 0
0 849 0 1 1135 0 849 0
0 849 0 1 119 0 849 0
0 849 0 1 119 0 849 0
0 849 0 1 119 0 849 0
0 849 0 1 119 0 849 0
0 849 0 1 119 0 849 0
0 849 0 1 119 0 849 0
0 849 0 1 466 0 849 0
0 849 0 1 466 0 849 0
0 849 0 1 466 0 849 0
0 849 0 1 267 0 849 0
0 849 0 1 267 0 849 0
0 849 0 1 267 0 849 0
0 849 0 1 267 0 849 0
0 849 0 1 718 0 849 0
0 849 0 1 718 0 849 0
0 849 0 1 718 0 849 0
0 849 0 1 718 0 849 0
0 849 0 1 718 0 849 0
0 849 0 1 291 0 849 0
0 849 0 1 291 0 849 0
0 849 0 1 291 0 849 0
0 849 0 1 291 0 849 0
0 849 0 1 291 0 849 0
0 849 0 1 478 0 849 0
0 849 0 1 478 0 849 0
0 849 0 1 1039 0 849 0
0 849 0 1 1039 0 849 0
0 849 0 1 1039 0 849 0
0 849 0 1 492 0 849 0
0 849 0 1 492 0 849 0
0 849 0 1 492 0 849 0
0 849 0 1 492 0 849 0
0 849 0 1 372 0 849 0
0 849 0 1 1006 0 849 0
0 849 0 1 1006 0 849 0
0 849 0 1 1006 0 849 0
0 849 0 1 216 0 849 0
0 849 0 1 216 0 849 0
0 849 0 1 216 0 849 0
0 639 904 2 478 0 364 723 267 0 275 181
0 212 1024 1 1081 0 212 1024
0 163 2221 2 150 0 155 1314 89 0 8 907
-1
10 64
0 1069 2 1 320 0 1069 2
0 1069 2 1 320 0 1069 2
0 1069 2 1 320 0 1069 2
0 1069 2 1 320 0 1069 2
0 1069 2 1 320 0 1069 2
0 1069 2 1 320 0 1069 2
0 1069 2 1 320 0 1069 2
0 1069 2 1 320 0 1069 2
0 1069 2 1 320 0 1069 2
0 1069 2 1 24 0 1069 2
0 1069 2 1 24 0 1069 2
0 1069 2 1 24 0 1069 2
0 1069 2 1 24 0 1069 2
0 1069 2 1 24 0 1069 2
0 1069 2 1 24 0 1069 2
0 1069 2 1 494 0 1069 2
0 1069 2 1 494 0 1069 2
0 1069 2 1 929 0 1069 2
0 1069 2 1 929 0 1069 2
0 1069 2 1 929 0 1069 2
0 1069 2 1 929 0 1069 2
0 1069 2 1 929 0 1069 2
0 1069 2 1 929 0 1069 2
0 1069 2 1 929 0 1069 2
0 1069 2 1 140 0 1069 2
0 1069 2 1 140 0 1069 2
0 1069 2 1 47 0 1069 2
0 1069 2 1 1029 0 1069 2
0 1069 2 1 1029 0 1069 2
0 1069 2 1 1029 0 1069 2
0 1069 2 1 1029 0 1069 2
0 1069 2 1 710 0 1069 2
0 1069 2 1 710 0 1069 2
0 1069 2 1 710 0 1069 2
0 1069 2 1 1032 0 1069 2
0 1069 2 1 1032 0 1069 2
0 1069 2 1 1101 0 1069 2
0 1069 2 1 1101 0 1069 2
0 1069 2 1 1101 0 1069 2
0 1069 2 1 1101 0 1069 2
0 1069 2 1 1101 0 1069 2
0 1069 2 1 1101 0 1069 2
0 1069 2 1 1101 0 1069 2
0 1069 2 1 945 0 1069 2
0 1069 2 1 945 0 1069 2
0 1069 2 1 945 0 1069 2
0 1069 2 1 945 0 1069 2
0 1069 2 1 945 0 1069 2
0 1069 2 1 945 0 1069 2
0 1069 2 1 945 0 1069 2
0 1069 2 1 945 0 1069 2
0 1069 2 1 565 0 1069 2
0 1069 2 1 565 0 1069 2
0 1069 2 1 565 0 1069 2
0 1069 2 1 583 0 1069 2
0 1069 2 1 583 0 1069 2
0 1069 2 1 1118 0 1069 2
0 1069 2 1 354 0 1069 2
0 1069 2 1 354 0 1069 2
0 1069 2 1 354 0 1069 2
0 1069 2 1 354 0 1069 2
0 819 1079 2 740 0 763 1079 320 0 56 0
0 572 523 1 886 0 572 523
0 507 1931 2 929 0 356 857 320 0 151 1074
-1
11 55
0 1180 2 1 845 0 1180 2
0 1180 2 1 155 0 1180 2
0 1180 2 1 155 0 1180 2
0 1180 2 1 155 0 1180 2
0 1180 2 1 155 0 1180 2
0 1180 2 1 155 0 1180 2
0 1180 2 1 155 0 1180 2
0 1180 2 1 155 0 1180 2
0 1180 2 1 155 0 1180 2
0 1180 2 1 155 0 1180 2
0 1180 2 1 155 0 1180 2
0 1180 2 1 155 0 1180 2
0 1180 2 1 459 0 1180 2
0 1180 2 1 459 0 1180 2
0 1180 2 1 459 0 1180 2
0 1180 2 1 459 0 1180 2
0 1180 2 1 459 0 1180 2
0 1180 2 1 459 0 1180 2
0 1180 2 1 459 0 1180 2
0 1180 2 1 1190 0 1180 2
0 1180 2 1 1190 0 1180 2
0 1180 2 1 93 0 1180 2
0 1180 2 1 93 0 1180 2
0 1180 2 1 93 0 1180 2
0 1180 2 1 344 0 1180 2
0 1180 2 1 344 0 1180 2
0 1180 2 1 344 0 1180 2
0 1180 2 1 1036 0 1180 2
0 1180 2 1 1036 0 1180 2
0 1180 2 1 1036 0 1180 2
0 1180 2 1 1036 0 1180 2
0 1180 2 1 1036 0 1180 2
0 1180 2 1 1036 0 1180 2
0 1180 2 1 1188 0 1180 2
0 1180 2 1 1188 0 1180 2
0 1180 2 1 1188 0 1180 2
0 1180 2 1 1188 0 1180 2
0 1180 2 1 1188 0 1180 2
0 1180 2 1 891 0 1180 2
0 1180 2 1 891 0 1180 2
0 1180 2 1 891 0 1180 2
0 1180 2 1 891 0 1180 2
0 1180 2 1 203 0 1180 2
0 1180 2 1 203 0 1180 2
0 1180 2 1 203 0 1180 2
0 1180 2 1 1149 0 1180 2
0 1180 2 1 1149 0 1180 2
0 1180 2 1 1149 0 1180 2
0 1180 2 1 837 0 1180 2
0 1180 2 1 837 0 1180 2
0 1180 2 1 583 0 1180 2
0 1180 2 1 583 0 1180 2
0 1180 2 1 583 0 1180 2
0 838 1475 2 155 0 484 1474 93 0 354 1
0 158 516 1 845 0 158 516
-1
12 44
0 1260 2 1 600 0 1260 2
0 1260 2 1 867 0 1260 2
0 1260 2 1 867 0 1260 2
0 1260 2 1 867 0 1260 2
0 1260 2 1 867 0 1260 2
0 1260 2 1 562 0 1260 2
0 1260 2 1 562 0 1260 2
0 1260 2 1 817 0 1260 2
0 1260 2 1 817 0 1260 2
0 1260 2 1 390 0 1260 2
0 1260 2 1 390 0 1260 2
0 1260 2 1 390 0 1260 2
0 1260 2 1 1185 0 1260 2
0 1260 2 1 1185 0 1260 2
0 1260 2 1 1185 0 1260 2
0 1260 2 1 195 0 1260 2
0 1260 2 1 443 0 1260 2
0 1260 2 1 443 0 1260 2
0 1260 2 1 77 0 1260 2
0 1260 2 1 77 0 1260 2
0 1260 2 1 797 0 1260 2
0 1260 2 1 1117 0 1260 2
0 1260 2 1 1194 0 1260 2
0 1260 2 1 1194 0 1260 2
0 1260 2 1 201 0 1260 2
0 1260 2 1 201 0 1260 2
0 1260 2 1 122 0 1260 2
0 1260 2 1 122 0 1260 2
0 1260 2 1 122 0 1260 2
0 1260 2 1 35 0 1260 2
0 1260 2 1 35 0 1260 2
0 1260 2 1 35 0 1260 2
0 1260 2 1 35 0 1260 2
0 1260 2 1 35 0 1260 2
0 1260 2 1 35 0 1260 2
0 1260 2 1 1049 0 1260 2
0 1260 2 1 1049 0 1260 2
0 1260 2 1 1049 0 1260 2
0 1260 2 1 869 0 1260 2
0 1260 2 1 869 0 1260 2
0 1260 2 1 869 0 1260 2
0 1260 2 1 265 0 1260 2
0 1260 2 1 142 0 1260 2
0 9 1324 1 867 0 9 1324
-1
13 45
0 598 0 1 600 0 598 0
0 598 0 1 867 0 598 0
0 598 0 1 867 0 598 0
0 598 0 1 867 0 598 0
0 598 0 1 1030 0 598 0
0 598 0 1 1030 0 598 0
0 598 0 1 1030 0 598 0
0 598 0 1 1030 0 598 0
0 598 0 1 562 0 598 0
0 598 0 1 817 0 598 0
0 598 0 1 817 0 598 0
0 598 0 1 817 0 598 0
0 598 0 1 817 0 598 0
0 598 0 1 390 0 598 0
0 598 0 1 195 0 598 0
0 598 0 1 195 0 598 0
0 598 0 1 443 0 598 0
0 598 0 1 443 0 598 0
0 598 0 1 443 0 598 0
0 583 64 1 195 0 583 64
0 598 0 1 797 0 598 0
0 598 0 1 797 0 598 0
0 598 0 1 797 0 598 0
0 598 0 1 579 0 598 0
0 598 0 1 1194 0 598 0
0 598 0 1 1194 0 598 0
0 598 0 1 201 0 598 0
0 598 0 1 201 0 598 0
0 598 0 1 201 0 598 0
0 598 0 1 122 0 598 0
0 598 0 1 122 0 598 0
0 598 0 1 122 0 598 0
0 598 0 1 122 0 598 0
0 598 0 1 122 0 598 0
0 598 0 1 676 0 598 0
0 598 0 1 35 0 598 0
0 598 0 1 35 0 598 0
0 598 0 1 1049 0 598 0
0 598 0 1 1049 0 598 0
0 598 0 1 1049 0 598 0
0 598 0 1 869 0 598 0
0 598 0 1 869 0 598 0
0 598 0 1 265 0 598 0
0 598 0 1 265 0 598 0
0 505 400 1 873 0 505 400
-1
14 63
0 1157 1 1 879 0 1157 1
0 1157 1 1 879 0 1157 1
0 1157 1 1 879 0 1157 1
0 1157 1 1 879 0 1157 1
0 1157 1 1 722 0 1157 1
0 1157 1 1 722 0 1157 1
0 1157 1 1 722 0 1157 1
0 1157 1 1 429 0 1157 1
0 1157 1 1 429 0 1157 1
0 1157 1 1 429 0 1157 1
0 1157 1 1 429 0 1157 1
0 1157 1 1 429 0 1157 1
0 1157 1 1 269 0 1157 1
0 1157 1 1 269 0 1157 1
0 1157 1 1 269 0 1157 1
0 1157 1 1 269 0 1157 1
0 1157 1 1 269 0 1157 1
0 1157 1 1 269 0 1157 1
0 1157 1 1 269 0 1157 1
0 1157 1 1 792 0 1157 1
0 1157 1 1 792 0 1157 1
0 1157 1 1 154 0 1157 1
0 1157 1 1 154 0 1157 1
0 1157 1 1 154 0 1157 1
0 1157 1 1 262 0 1157 1
0 1157 1 1 262 0 1157 1
0 1157 1 1 26 0 1157 1
0 1157 1 1 26 0 1157 1
0 1157 1 1 434 0 1157 1
0 1157 1 1 434 0 1157 1
0 1157 1 1 434 0 1157 1
0 1157 1 1 434 0 1157 1
0 1157 1 1 434 0 1157 1
0 1157 1 1 282 0 1157 1
0 1157 1 1 282 0 1157 1
0 1157 1 1 282 0 1157 1
0 1157 1 1 282 0 1157 1
0 1157 1 1 282 0 1157 1
0 1157 1 1 282 0 1157 1
0 1157 1 1 305 0 1157 1
0 1157 1 1 305 0 1157 1
0 1157 1 1 305 0 1157 1
0 1157 1 1 305 0 1157 1
0 1157 1 1 181 0 1157 1
0 1157 1 1 181 0 1157 1
0 1157 1 1 291 0 1157 1
0 1157 1 1 177 0 1157 1
0 1157 1 1 177 0 1157 1
0 1157 1 1 177 0 1157 1
0 1157 1 1 177 0 1157 1
0 1157 1 1 177 0 1157 1
0 1157 1 1 634 0 1157 1
0 1157 1 1 634 0 1157 1
0 1157 1 1 1044 0 1157 1
0 1157 1 1 1044 0 1157 1
0 1157 1 1 1044 0 1157 1
0 1157 1 1 1039 0 1157 1
0 1157 1 1 1039 0 1157 1
0 1157 1 1 777 0 1157 1
0 1157 1 1 777 0 1157 1
0 1157 1 1 777 0 1157 1
0 819 1457 2 305 0 746 1454 168 0 73 3
0 189 965 1 879 0 189 965
-1
15 48
0 702 2 1 600 0 702 2
0 702 2 1 600 0 702 2
0 702 2 1 1030 0 702 2
0 702 2 1 1030 0 702 2
0 702 2 1 1030 0 702 2
0 702 2 1 1030 0 702 2
0 702 2 1 1030 0 702 2
0 702 2 1 562 0 702 2
0 702 2 1 1052 0 702 2
0 702 2 1 1052 0 702 2
0 702 2 1 1052 0 702 2
0 702 2 1 652 0 702 2
0 702 2 1 652 0 702 2
0 702 2 1 652 0 702 2
0 702 2 1 652 0 702 2
0 702 2 1 652 0 702 2
0 702 2 1 652 0 702 2
0 702 2 1 873 0 702 2
0 702 2 1 873 0 702 2
0 702 2 1 873 0 702 2
0 702 2 1 873 0 702 2
0 702 2 1 579 0 702 2
0 702 2 1 1037 0 702 2
0 702 2 1 1037 0 702 2
0 702 2 1 1037 0 702 2
0 702 2 1 1117 0 702 2
0 702 2 1 676 0 702 2
0 702 2 1 676 0 702 2
0 702 2 1 676 0 702 2
0 702 2 1 676 0 702 2
0 702 2 1 676 0 702 2
0 702 2 1 243 0 702 2
0 702 2 1 243 0 702 2
0 702 2 1 243 0 702 2
0 702 2 1 243 0 702 2
0 702 2 1 243 0 702 2
0 702 2 1 243 0 702 2
0 702 2 1 243 0 702 2
0 702 2 1 243 0 702 2
0 702 2 1 1049 0 702 2
0 702 2 1 265 0 702 2
0 702 2 1 265 0 702 2
0 702 2 1 265 0 702 2
0 702 2 1 265 0 702 2
0 702 2 1 1112 0 702 2
0 698 19 1 265 0 698 19
0 702 2 1 700 0 702 2
0 456 569 1 732 0 456 569
-1
16 64
0 1161 4 1 907 0 1161 4
0 1161 4 1 907 0 1161 4
0 1161 4 1 907 0 1161 4
0 1161 4 1 907 0 1161 4
0 1161 4 1 907 0 1161 4
0 1161 4 1 457 0 1161 4
0 1161 4 1 457 0 1161 4
0 1161 4 1 457 0 1161 4
0 1161 4 1 457 0 1161 4
0 1161 4 1 421 0 1161 4
0 1161 4 1 421 0 1161 4
0 1161 4 1 421 0 1161 4
0 1161 4 1 421 0 1161 4
0 1161 4 1 421 0 1161 4
0 1161 4 1 1140 0 1161 4
0 1161 4 1 1140 0 1161 4
0 1161 4 1 24 0 1161 4
0 1161 4 1 765 0 1161 4
0 1161 4 1 765 0 1161 4
0 1161 4 1 765 0 1161 4
0 1161 4 1 765 0 1161 4
0 1161 4 1 494 0 1161 4
0 1161 4 1 494 0 1161 4
0 1161 4 1 494 0 1161 4
0 1161 4 1 886 0 1161 4
0 1161 4 1 886 0 1161 4
0 1161 4 1 694 0 1161 4
0 1161 4 1 558 0 1161 4
0 1161 4 1 956 0 1161 4
0 1161 4 1 956 0 1161 4
0 1161 4 1 956 0 1161 4
0 1161 4 1 956 0 1161 4
0 1161 4 1 1138 0 1161 4
0 1161 4 1 1138 0 1161 4
0 1161 4 1 1138 0 1161 4
0 1161 4 1 514 0 1161 4
0 1161 4 1 514 0 1161 4
0 1161 4 1 514 0 1161 4
0 1161 4 1 514 0 1161 4
0 1161 4 1 514 0 1161 4
0 1161 4 1 514 0 1161 4
0 1161 4 1 341 0 1161 4
0 1161 4 1 341 0 1161 4
0 1161 4 1 341 0 1161 4
0 1161 4 1 1144 0 1161 4
0 1161 4 1 1144 0 1161 4
0 1161 4 1 1144 0 1161 4
0 1161 4 1 917 0 1161 4
0 1161 4 1 917 0 1161 4
0 1161 4 1 917 0 1161 4
0 1161 4 1 917 0 1161 4
0 1161 4 1 431 0 1161 4
0 1161 4 1 431 0 1161 4
0 1161 4 1 147 0 1161 4
0 1161 4 1 572 0 1161 4
0 1161 4 1 572 0 1161 4
0 1161 4 1 151 0 1161 4
0 1161 4 1 151 0 1161 4
0 1161 4 1 349 0 1161 4
0 1161 4 1 565 0 1161 4
0 1161 4 1 565 0 1161 4
0 1161 4 1 565 0 1161 4
0 1161 4 1 565 0 1161 4
0 604 2402 2 457 0 364 1292 421 0 240 1110
-1
17 44
0 855 2 1 600 0 855 2
0 855 2 1 600 0 855 2
0 855 2 1 867 0 855 2
0 855 2 1 1030 0 855 2
0 855 2 1 562 0 855 2
0 855 2 1 732 0 855 2
0 855 2 1 732 0 855 2
0 855 2 1 732 0 855 2
0 855 2 1 817 0 855 2
0 855 2 1 817 0 855 2
0 855 2 1 390 0 855 2
0 855 2 1 1185 0 855 2
0 855 2 1 1185 0 855 2
0 855 2 1 195 0 855 2
0 855 2 1 195 0 855 2
0 855 2 1 873 0 855 2
0 855 2 1 873 0 855 2
0 855 2 1 443 0 855 2
0 855 2 1 443 0 855 2
0 855 2 1 77 0 855 2
0 855 2 1 77 0 855 2
0 855 2 1 797 0 855 2
0 855 2 1 797 0 855 2
0 855 2 1 797 0 855 2
0 855 2 1 797 0 855 2
0 855 2 1 797 0 855 2
0 855 2 1 1194 0 855 2
0 855 2 1 1194 0 855 2
0 855 2 1 1194 0 855 2
0 855 2 1 201 0 855 2
0 855 2 1 201 0 855 2
0 855 2 1 122 0 855 2
0 855 2 1 35 0 855 2
0 855 2 1 35 0 855 2
0 855 2 1 35 0 855 2
0 855 2 1 35 0 855 2
0 855 2 1 35 0 855 2
0 855 2 1 1049 0 855 2
0 855 2 1 1049 0 855 2
0 855 2 1 1049 0 855 2
0 855 2 1 1049 0 855 2
0 855 2 1 869 0 855 2
0 855 2 1 869 0 855 2
0 855 2 1 265 0 855 2
-1
18 58
0 1268 1 1 1163 0 1268 1
0 1268 1 1 1163 0 1268 1
0 1268 1 1 1163 0 1268 1
0 1268 1 1 543 0 1268 1
0 1268 1 1 543 0 1268 1
0 1268 1 1 543 0 1268 1
0 1268 1 1 543 0 1268 1
0 1268 1 1 306 0 1268 1
0 1268 1 1 306 0 1268 1
0 1268 1 1 306 0 1268 1
0 1268 1 1 306 0 1268 1
0 1268 1 1 384 0 1268 1
0 1268 1 1 384 0 1268 1
0 1268 1 1 384 0 1268 1
0 1268 1 1 1186 0 1268 1
0 1268 1 1 1186 0 1268 1
0 1268 1 1 1186 0 1268 1
0 1268 1 1 1186 0 1268 1
0 1268 1 1 854 0 1268 1
0 1268 1 1 854 0 1268 1
0 1268 1 1 854 0 1268 1
0 1268 1 1 957 0 1268 1
0 1268 1 1 957 0 1268 1
0 1268 1 1 957 0 1268 1
0 1268 1 1 957 0 1268 1
0 1268 1 1 957 0 1268 1
0 1268 1 1 12 0 1268 1
0 1268 1 1 12 0 1268 1
0 1268 1 1 12 0 1268 1
0 1268 1 1 937 0 1268 1
0 1268 1 1 937 0 1268 1
0 1268 1 1 279 0 1268 1
0 1268 1 1 279 0 1268 1
0 1268 1 1 279 0 1268 1
0 1268 1 1 279 0 1268 1
0 1268 1 1 1105 0 1268 1
0 1268 1 1 1105 0 1268 1
0 1268 1 1 1105 0 1268 1
0 1268 1 1 472 0 1268 1
0 1268 1 1 472 0 1268 1
0 1268 1 1 472 0 1268 1
0 1268 1 1 743 0 1268 1
0 1268 1 1 1108 0 1268 1
0 1268 1 1 1108 0 1268 1
0 1268 1 1 738 0 1268 1
0 1268 1 1 738 0 1268 1
0 1268 1 1 1158 0 1268 1
0 1268 1 1 1158 0 1268 1
0 1268 1 1 1158 0 1268 1
0 1268 1 1 1158 0 1268 1
0 1268 1 1 222 0 1268 1
0 1268 1 1 222 0 1268 1
0 1268 1 1 222 0 1268 1
0 1268 1 1 222 0 1268 1
0 1268 1 1 222 0 1268 1
0 1268 1 1 222 0 1268 1
0 1268 1 1 967 0 1268 1
0 813 800 1 1163 0 813 800
-1
19 97
0 632 1 1 158 0 632 1
0 632 1 1 158 0 632 1
0 632 1 1 158 0 632 1
0 632 1 1 158 0 632 1
0 632 1 1 158 0 632 1
0 632 1 1 158 0 632 1
0 632 1 1 158 0 632 1
0 632 1 1 158 0 632 1
0 632 1 1 549 0 632 1
0 632 1 1 549 0 632 1
0 632 1 1 549 0 632 1
0 632 1 1 549 0 632 1
0 632 1 1 549 0 632 1
0 632 1 1 549 0 632 1
0 632 1 1 549 0 632 1
0 632 1 1 549 0 632 1
0 632 1 1 549 0 632 1
0 632 1 1 549 0 632 1
0 632 1 1 549 0 632 1
0 632 1 1 549 0 632 1
0 632 1 1 549 0 632 1
0 632 1 1 549 0 632 1
0 632 1 1 549 0 632 1
0 632 1 1 549 0 632 1
0 632 1 1 549 0 632 1
0 632 1 1 549 0 632 1
0 632 1 1 771 0 632 1
0 632 1 1 771 0 632 1
0 632 1 1 771 0 632 1
0 632 1 1 771 0 632 1
0 632 1 1 771 0 632 1
0 632 1 1 771 0 632 1
0 632 1 1 771 0 632 1
0 632 1 1 771 0 632 1
0 632 1 1 771 0 632 1
0 632 1 1 771 0 632 1
0 632 1 1 771 0 632 1
0 632 1 1 489 0 632 1
0 632 1 1 489 0 632 1
0 632 1 1 489 0 632 1
0 632 1 1 489 0 632 1
0 632 1 1 489 0 632 1
0 632 1 1 489 0 632 1
0 632 1 1 489 0 632 1
0 632 1 1 489 0 632 1
0 632 1 1 489 0 632 1
0 632 1 1 489 0 632 1
0 632 1 1 489 0 632 1
0 632 1 1 489 0 632 1
0 632 1 1 489 0 632 1
0 632 1 1 489 0 632 1
0 632 1 1 489 0 632 1
0 632 1 1 489 0 632 1
0 632 1 1 489 0 632 1
0 632 1 1 270 0 632 1
0 632 1 1 270 0 632 1
0 632 1 1 270 0 632 1
0 632 1 1 270 0 632 1
0 632 1 1 270 0 632 1
0 632 1 1 270 0 632 1
0 632 1 1 270 0 632 1
0 632 1 1 270 0 632 1
0 632 1 1 270 0 632 1
0 632 1 1 270 0 632 1
0 632 1 1 270 0 632 1
0 632 1 1 270 0 632 1
0 632 1 1 270 0 632 1
0 632 1 1 39 0 632 1
0 632 1 1 39 0 632 1
0 632 1 1 39 0 632 1
0 632 1 1 39 0 632 1
0 632 1 1 39 0 632 1
0 632 1 1 39 0 632 1
0 632 1 1 39 0 632 1
0 632 1 1 39 0 632 1
0 632 1 1 39 0 632 1
0 632 1 1 39 0 632 1
0 632 1 1 39 0 632 1
0 632 1 1 39 0 632 1
0 632 1 1 39 0 632 1
0 632 1 1 416 0 632 1
0 632 1 1 416 0 632 1
0 632 1 1 416 0 632 1
0 632 1 1 416 0 632 1
0 632 1 1 416 0 632 1
0 632 1 1 416 0 632 1
0 632 1 1 416 0 632 1
0 632 1 1 416 0 632 1
0 632 1 1 416 0 632 1
0 632 1 1 416 0 632 1
0 632 1 1 416 0 632 1
0 632 1 1 416 0 632 1
0 632 1 1 416 0 632 1
0 632 1 1 416 0 632 1
0 632 1 1 329 0 632 1
0 632 1 1 329 0 632 1
0 632 1 1 329 0 632 1
-1
20 60
0 1136 3 1 907 0 1136 3
0 1136 3 1 907 0 1136 3
0 1136 3 1 457 0 1136 3
0 1136 3 1 457 0 1136 3
0 1136 3 1 457 0 1136 3
0 1136 3 1 457 0 1136 3
0 1136 3 1 421 0 1136 3
0 1136 3 1 421 0 1136 3
0 1136 3 1 421 0 1136 3
0 1136 3 1 421 0 1136 3
0 1136 3 1 858 0 1136 3
0 1136 3 1 858 0 1136 3
0 1136 3 1 765 0 1136 3
0 1136 3 1 765 0 1136 3
0 1136 3 1 765 0 1136 3
0 1136 3 1 765 0 1136 3
0 1136 3 1 765 0 1136 3
0 1136 3 1 494 0 1136 3
0 1136 3 1 494 0 1136 3
0 1136 3 1 494 0 1136 3
0 1136 3 1 494 0 1136 3
0 1136 3 1 886 0 1136 3
0 1136 3 1 694 0 1136 3
0 1136 3 1 558 0 1136 3
0 1136 3 1 558 0 1136 3
0 1136 3 1 558 0 1136 3
0 1136 3 1 558 0 1136 3
0 1136 3 1 558 0 1136 3
0 1136 3 1 956 0 1136 3
0 1136 3 1 1138 0 1136 3
0 1136 3 1 514 0 1136 3
0 1136 3 1 514 0 1136 3
0 1136 3 1 514 0 1136 3
0 1136 3 1 1029 0 1136 3
0 1136 3 1 1050 0 1136 3
0 1136 3 1 341 0 1136 3
0 1136 3 1 341 0 1136 3
0 1136 3 1 341 0 1136 3
0 1136 3 1 341 0 1136 3
0 1136 3 1 341 0 1136 3
0 1136 3 1 1144 0 1136 3
0 1136 3 1 1144 0 1136 3
0 1136 3 1 1144 0 1136 3
0 1136 3 1 917 0 1136 3
0 1136 3 1 917 0 1136 3
0 1136 3 1 917 0 1136 3
0 1136 3 1 917 0 1136 3
0 1136 3 1 917 0 1136 3
0 1136 3 1 431 0 1136 3
0 1136 3 1 431 0 1136 3
0 1136 3 1 147 0 1136 3
0 1136 3 1 147 0 1136 3
0 1136 3 1 147 0 1136 3
0 1136 3 1 151 0 1136 3
0 1136 3 1 151 0 1136 3
0 1136 3 1 151 0 1136 3
0 1136 3 1 151 0 1136 3
0 1136 3 1 349 0 1136 3
0 1136 3 1 349 0 1136 3
0 966 735 2 1138 0 570 734 47 0 396 1
-1
21 45
0 1086 1 1 867 0 1086 1
0 1086 1 1 867 0 1086 1
0 1086 1 1 867 0 1086 1
0 1086 1 1 867 0 1086 1
0 1086 1 1 1030 0 1086 1
0 1086 1 1 562 0 1086 1
0 1086 1 1 562 0 1086 1
0 1086 1 1 732 0 1086 1
0 1086 1 1 732 0 1086 1
0 1086 1 1 817 0 1086 1
0 1086 1 1 817 0 1086 1
0 1086 1 1 817 0 1086 1
0 1086 1 1 1185 0 1086 1
0 1086 1 1 1185 0 1086 1
0 1086 1 1 1185 0 1086 1
0 1086 1 1 1185 0 1086 1
0 1086 1 1 1185 0 1086 1
0 1086 1 1 1185 0 1086 1
0 1086 1 1 195 0 1086 1
0 1086 1 1 195 0 1086 1
0 1086 1 1 443 0 1086 1
0 1086 1 1 443 0 1086 1
0 1086 1 1 443 0 1086 1
0 1086 1 1 77 0 1086 1
0 1086 1 1 77 0 1086 1
0 1086 1 1 797 0 1086 1
0 1086 1 1 797 0 1086 1
0 1086 1 1 1117 0 1086 1
0 1086 1 1 1117 0 1086 1
0 1086 1 1 1117 0 1086 1
0 1086 1 1 1117 0 1086 1
0 1086 1 1 1194 0 1086 1
0 1086 1 1 201 0 1086 1
0 1086 1 1 122 0 1086 1
0 1086 1 1 122 0 1086 1
0 1086 1 1 122 0 1086 1
0 1086 1 1 1049 0 1086 1
0 1086 1 1 1049 0 1086 1
0 1086 1 1 869 0 1086 1
0 1086 1 1 869 0 1086 1
0 1086 1 1 142 0 1086 1
0 1086 1 1 142 0 1086 1
0 1086 1 1 142 0 1086 1
0 1086 1 1 142 0 1086 1
0 1086 1 1 142 0 1086 1
-1
22 64
0 1125 3 1 307 0 1125 3
0 1125 3 1 307 0 1125 3
0 1125 3 1 307 0 1125 3
0 1125 3 1 307 0 1125 3
0 1125 3 1 307 0 1125 3
0 1125 3 1 802 0 1125 3
0 1125 3 1 802 0 1125 3
0 1125 3 1 802 0 1125 3
0 1125 3 1 802 0 1125 3
0 1125 3 1 680 0 1125 3
0 1125 3 1 680 0 1125 3
0 1125 3 1 680 0 1125 3
0 1125 3 1 680 0 1125 3
0 1125 3 1 948 0 1125 3
0 1125 3 1 948 0 1125 3
0 1125 3 1 948 0 1125 3
0 1125 3 1 948 0 1125 3
0 1125 3 1 948 0 1125 3
0 1125 3 1 948 0 1125 3
0 1125 3 1 948 0 1125 3
0 1125 3 1 611 0 1125 3
0 1125 3 1 611 0 1125 3
0 1125 3 1 611 0 1125 3
0 1125 3 1 611 0 1125 3
0 1125 3 1 611 0 1125 3
0 1125 3 1 26 0 1125 3
0 1125 3 1 26 0 1125 3
0 1125 3 1 26 0 1125 3
0 1125 3 1 26 0 1125 3
0 1125 3 1 26 0 1125 3
0 1125 3 1 626 0 1125 3
0 1125 3 1 626 0 1125 3
0 1125 3 1 626 0 1125 3
0 1125 3 1 626 0 1125 3
0 1125 3 1 626 0 1125 3
0 1125 3 1 626 0 1125 3
0 1125 3 1 507 0 1125 3
0 1125 3 1 507 0 1125 3
0 1125 3 1 507 0 1125 3
0 1125 3 1 772 0 1125 3
0 1125 3 1 772 0 1125 3
0 1125 3 1 772 0 1125 3
0 1125 3 1 772 0 1125 3
0 1125 3 1 772 0 1125 3
0 1125 3 1 787 0 1125 3
0 1125 3 1 787 0 1125 3
0 1125 3 1 787 0 1125 3
0 1125 3 1 787 0 1125 3
0 1125 3 1 787 0 1125 3
0 1125 3 1 4 0 1125 3
0 1125 3 1 4 0 1125 3
0 1125 3 1 4 0 1125 3
0 1125 3 1 4 0 1125 3
0 1125 3 1 4 0 1125 3
0 1125 3 1 837 0 1125 3
0 1125 3 1 779 0 1125 3
0 1125 3 1 779 0 1125 3
0 1125 3 1 779 0 1125 3
0 1125 3 1 779 0 1125 3
0 1125 3 1 779 0 1125 3
0 1125 3 1 779 0 1125 3
0 1125 3 1 779 0 1125 3
0 1125 3 1 779 0 1125 3
0 649 2052 3 802 0 251 651 772 0 229 703 307 0 169 698
-1
23 65
0 883 3 1 610 0 883 3
0 883 3 1 610 0 883 3
0 883 3 1 610 0 883 3
0 883 3 1 610 0 883 3
0 883 3 1 610 0 883 3
0 883 3 1 610 0 883 3
0 883 3 1 610 0 883 3
0 883 3 1 610 0 883 3
0 883 3 1 614 0 883 3
0 883 3 1 614 0 883 3
0 883 3 1 614 0 883 3
0 883 3 1 614 0 883 3
0 883 3 1 614 0 883 3
0 883 3 1 614 0 883 3
0 883 3 1 614 0 883 3
0 883 3 1 614 0 883 3
0 883 3 1 614 0 883 3
0 883 3 1 614 0 883 3
0 883 3 1 614 0 883 3
0 883 3 1 614 0 883 3
0 883 3 1 168 0 883 3
0 883 3 1 168 0 883 3
0 883 3 1 168 0 883 3
0 883 3 1 168 0 883 3
0 883 3 1 168 0 883 3
0 883 3 1 168 0 883 3
0 883 3 1 168 0 883 3
0 883 3 1 168 0 883 3
0 883 3 1 168 0 883 3
0 883 3 1 168 0 883 3
0 883 3 1 168 0 883 3
0 883 3 1 168 0 883 3
0 883 3 1 168 0 883 3
0 883 3 1 305 0 883 3
0 883 3 1 305 0 883 3
0 883 3 1 305 0 883 3
0 883 3 1 305 0 883 3
0 883 3 1 305 0 883 3
0 883 3 1 305 0 883 3
0 883 3 1 305 0 883 3
0 883 3 1 305 0 883 3
0 870 59 1 614 0 870 59
0 883 3 1 634 0 883 3
0 883 3 1 634 0 883 3
0 883 3 1 634 0 883 3
0 883 3 1 1044 0 883 3
0 883 3 1 1044 0 883 3
0 883 3 1 1044 0 883 3
0 883 3 1 1044 0 883 3
0 883 3 1 1044 0 883 3
0 883 3 1 1039 0 883 3
0 883 3 1 777 0 883 3
0 883 3 1 777 0 883 3
0 883 3 1 777 0 883 3
0 883 3 1 374 0 883 3
0 883 3 1 374 0 883 3
0 883 3 1 374 0 883 3
0 883 3 1 374 0 883 3
0 883 3 1 374 0 883 3
0 883 3 1 374 0 883 3
0 883 3 1 374 0 883 3
0 883 3 1 216 0 883 3
0 883 3 1 216 0 883 3
0 883 3 1 216 0 883 3
0 394 1998 2 429 0 254 1166 722 0 140 832
-1
24 56
0 879 1 1 1163 0 879 1
0 879 1 1 1163 0 879 1
0 879 1 1 1163 0 879 1
0 879 1 1 543 0 879 1
0 879 1 1 543 0 879 1
0 879 1 1 543 0 879 1
0 879 1 1 543 0 879 1
0 879 1 1 306 0 879 1
0 879 1 1 306 0 879 1
0 879 1 1 306 0 879 1
0 879 1 1 306 0 879 1
0 879 1 1 306 0 879 1
0 879 1 1 306 0 879 1
0 879 1 1 384 0 879 1
0 879 1 1 384 0 879 1
0 879 1 1 384 0 879 1
0 879 1 1 384 0 879 1
0 879 1 1 1186 0 879 1
0 879 1 1 1186 0 879 1
0 879 1 1 1186 0 879 1
0 879 1 1 1186 0 879 1
0 879 1 1 1186 0 879 1
0 879 1 1 1186 0 879 1
0 879 1 1 854 0 879 1
0 879 1 1 957 0 879 1
0 879 1 1 957 0 879 1
0 879 1 1 12 0 879 1
0 879 1 1 12 0 879 1
0 879 1 1 937 0 879 1
0 879 1 1 937 0 879 1
0 879 1 1 937 0 879 1
0 879 1 1 279 0 879 1
0 879 1 1 1105 0 879 1
0 879 1 1 472 0 879 1
0 879 1 1 743 0 879 1
0 879 1 1 743 0 879 1
0 879 1 1 743 0 879 1
0 879 1 1 1158 0 879 1
0 879 1 1 1158 0 879 1
0 879 1 1 1158 0 879 1
0 879 1 1 1158 0 879 1
0 879 1 1 1158 0 879 1
0 879 1 1 1158 0 879 1
0 879 1 1 222 0 879 1
0 879 1 1 222 0 879 1
0 879 1 1 222 0 879 1
0 879 1 1 222 0 879 1
0 879 1 1 967 0 879 1
0 879 1 1 967 0 879 1
0 879 1 1 967 0 879 1
0 879 1 1 967 0 879 1
0 879 1 1 967 0 879 1
0 879 1 1 967 0 879 1
0 879 1 1 335 0 879 1
0 879 1 1 335 0 879 1
0 879 1 1 335 0 879 1
-1
25 79
0 684 2 1 1089 0 684 2
0 684 2 1 1089 0 684 2
0 684 2 1 1089 0 684 2
0 684 2 1 1089 0 684 2
0 684 2 1 1089 0 684 2
0 684 2 1 1089 0 684 2
0 684 2 1 1089 0 684 2
0 684 2 1 1089 0 684 2
0 684 2 1 1089 0 684 2
0 684 2 1 378 0 684 2
0 684 2 1 378 0 684 2
0 684 2 1 378 0 684 2
0 684 2 1 378 0 684 2
0 684 2 1 378 0 684 2
0 684 2 1 378 0 684 2
0 684 2 1 378 0 684 2
0 684 2 1 378 0 684 2
0 684 2 1 769 0 684 2
0 684 2 1 769 0 684 2
0 684 2 1 769 0 684 2
0 684 2 1 769 0 684 2
0 684 2 1 769 0 684 2
0 684 2 1 769 0 684 2
0 684 2 1 769 0 684 2
0 684 2 1 769 0 684 2
0 684 2 1 128 0 684 2
0 684 2 1 128 0 684 2
0 684 2 1 128 0 684 2
0 684 2 1 574 0 684 2
0 684 2 1 574 0 684 2
0 684 2 1 574 0 684 2
0 684 2 1 574 0 684 2
0 684 2 1 357 0 684 2
0 684 2 1 357 0 684 2
0 684 2 1 357 0 684 2
0 684 2 1 357 0 684 2
0 684 2 1 357 0 684 2
0 684 2 1 357 0 684 2
0 684 2 1 357 0 684 2
0 684 2 1 357 0 684 2
0 684 2 1 1112 0 684 2
0 684 2 1 1112 0 684 2
0 684 2 1 1112 0 684 2
0 684 2 1 1112 0 684 2
0 684 2 1 490 0 684 2
0 684 2 1 490 0 684 2
0 684 2 1 490 0 684 2
0 684 2 1 490 0 684 2
0 684 2 1 490 0 684 2
0 684 2 1 490 0 684 2
0 684 2 1 490 0 684 2
0 684 2 1 490 0 684 2
0 684 2 1 490 0 684 2
0 684 2 1 490 0 684 2
0 684 2 1 490 0 684 2
0 684 2 1 1145 0 684 2
0 684 2 1 202 0 684 2
0 684 2 1 202 0 684 2
0 684 2 1 202 0 684 2
0 684 2 1 202 0 684 2
0 684 2 1 202 0 684 2
0 684 2 1 202 0 684 2
0 684 2 1 202 0 684 2
0 684 2 1 43 0 684 2
0 684 2 1 43 0 684 2
0 684 2 1 43 0 684 2
0 684 2 1 43 0 684 2
0 684 2 1 43 0 684 2
0 684 2 1 43 0 684 2
0 684 2 1 43 0 684 2
0 684 2 1 43 0 684 2
0 684 2 1 43 0 684 2
0 684 2 1 43 0 684 2
0 684 2 1 43 0 684 2
0 684 2 1 43 0 684 2
0 684 2 1 409 0 684 2
0 684 2 1 409 0 684 2
0 684 2 1 409 0 684 2
0 399 1051 1 1089 0 399 1051
-1
26 83
0 529 2 1 1089 0 529 2
0 529 2 1 1089 0 529 2
0 529 2 1 1089 0 529 2
0 529 2 1 1089 0 529 2
0 529 2 1 1089 0 529 2
0 529 2 1 1089 0 529 2
0 529 2 1 378 0 529 2
0 529 2 1 378 0 529 2
0 529 2 1 378 0 529 2
0 529 2 1 378 0 529 2
0 529 2 1 378 0 529 2
0 529 2 1 378 0 529 2
0 529 2 1 378 0 529 2
0 529 2 1 378 0 529 2
0 529 2 1 378 0 529 2
0 529 2 1 378 0 529 2
0 529 2 1 769 0 529 2
0 529 2 1 769 0 529 2
0 529 2 1 769 0 529 2
0 529 2 1 769 0 529 2
0 529 2 1 769 0 529 2
0 529 2 1 128 0 529 2
0 529 2 1 128 0 529 2
0 529 2 1 128 0 529 2
0 529 2 1 128 0 529 2
0 529 2 1 128 0 529 2
0 529 2 1 128 0 529 2
0 529 2 1 128 0 529 2
0 529 2 1 574 0 529 2
0 529 2 1 574 0 529 2
0 529 2 1 574 0 529 2
0 529 2 1 574 0 529 2
0 529 2 1 574 0 529 2
0 529 2 1 357 0 529 2
0 529 2 1 357 0 529 2
0 529 2 1 357 0 529 2
0 529 2 1 357 0 529 2
0 529 2 1 357 0 529 2
0 529 2 1 357 0 529 2
0 529 2 1 192 0 529 2
0 529 2 1 192 0 529 2
0 529 2 1 192 0 529 2
0 529 2 1 192 0 529 2
0 529 2 1 192 0 529 2
0 529 2 1 192 0 529 2
0 529 2 1 192 0 529 2
0 529 2 1 192 0 529 2
0 529 2 1 192 0 529 2
0 529 2 1 192 0 529 2
0 529 2 1 1112 0 529 2
0 529 2 1 1112 0 529 2
0 529 2 1 1112 0 529 2
0 529 2 1 1112 0 529 2
0 529 2 1 243 0 529 2
0 529 2 1 490 0 529 2
0 529 2 1 490 0 529 2
0 529 2 1 490 0 529 2
0 529 2 1 490 0 529 2
0 529 2 1 490 0 529 2
0 529 2 1 490 0 529 2
0 529 2 1 490 0 529 2
0 529 2 1 490 0 529 2
0 529 2 1 490 0 529 2
0 529 2 1 725 0 529 2
0 491 166 1 128 0 491 166
0 529 2 1 202 0 529 2
0 529 2 1 202 0 529 2
0 529 2 1 43 0 529 2
0 529 2 1 43 0 529 2
0 529 2 1 43 0 529 2
0 529 2 1 43 0 529 2
0 529 2 1 43 0 529 2
0 529 2 1 43 0 529 2
0 529 2 1 409 0 529 2
0 529 2 1 409 0 529 2
0 529 2 1 409 0 529 2
0 529 2 1 409 0 529 2
0 529 2 1 354 0 529 2
0 529 2 1 354 0 529 2
0 529 2 1 354 0 529 2
0 529 2 1 354 0 529 2
0 529 2 1 354 0 529 2
0 434 411 1 1112 0 434 411
-1
27 55
0 1026 1 1 805 0 1026 1
0 1026 1 1 805 0 1026 1
0 1026 1 1 805 0 1026 1
0 1026 1 1 805 0 1026 1
0 1026 1 1 696 0 1026 1
0 1026 1 1 696 0 1026 1
0 1026 1 1 257 0 1026 1
0 1026 1 1 257 0 1026 1
0 1026 1 1 257 0 1026 1
0 1026 1 1 257 0 1026 1
0 1026 1 1 257 0 1026 1
0 1026 1 1 257 0 1026 1
0 1026 1 1 1142 0 1026 1
0 1026 1 1 1142 0 1026 1
0 1026 1 1 1142 0 1026 1
0 1026 1 1 1142 0 1026 1
0 1026 1 1 1142 0 1026 1
0 1026 1 1 1142 0 1026 1
0 1026 1 1 234 0 1026 1
0 1026 1 1 234 0 1026 1
0 1026 1 1 234 0 1026 1
0 1026 1 1 234 0 1026 1
0 1026 1 1 512 0 1026 1
0 1026 1 1 512 0 1026 1
0 1026 1 1 512 0 1026 1
0 1026 1 1 512 0 1026 1
0 1026 1 1 1037 0 1026 1
0 1026 1 1 1037 0 1026 1
0 1026 1 1 1037 0 1026 1
0 1026 1 1 268 0 1026 1
0 1026 1 1 268 0 1026 1
0 1026 1 1 268 0 1026 1
0 1026 1 1 268 0 1026 1
0 1026 1 1 268 0 1026 1
0 1026 1 1 84 0 1026 1
0 1026 1 1 84 0 1026 1
0 1026 1 1 1132 0 1026 1
0 1026 1 1 965 0 1026 1
0 1026 1 1 969 0 1026 1
0 1026 1 1 969 0 1026 1
0 1026 1 1 191 0 1026 1
0 1026 1 1 191 0 1026 1
0 1026 1 1 191 0 1026 1
0 1026 1 1 191 0 1026 1
0 1026 1 1 191 0 1026 1
0 1014 53 1 344 0 1014 53
0 1026 1 1 1149 0 1026 1
0 1026 1 1 1149 0 1026 1
0 1026 1 1 1149 0 1026 1
0 1026 1 1 837 0 1026 1
0 1026 1 1 583 0 1026 1
0 1026 1 1 583 0 1026 1
0 1026 1 1 583 0 1026 1
0 1026 1 1 583 0 1026 1
0 427 1417 1 257 0 427 1417
-1
28 69
0 750 4 1 132 0 750 4
0 750 4 1 132 0 750 4
0 750 4 1 132 0 750 4
0 750 4 1 132 0 750 4
0 750 4 1 132 0 750 4
0 750 4 1 438 0 750 4
0 750 4 1 438 0 750 4
0 750 4 1 438 0 750 4
0 750 4 1 438 0 750 4
0 750 4 1 438 0 750 4
0 750 4 1 438 0 750 4
0 750 4 1 438 0 750 4
0 750 4 1 516 0 750 4
0 750 4 1 516 0 750 4
0 750 4 1 516 0 750 4
0 750 4 1 516 0 750 4
0 750 4 1 516 0 750 4
0 750 4 1 516 0 750 4
0 750 4 1 174 0 750 4
0 750 4 1 174 0 750 4
0 750 4 1 174 0 750 4
0 750 4 1 174 0 750 4
0 750 4 1 174 0 750 4
0 750 4 1 174 0 750 4
0 750 4 1 312 0 750 4
0 750 4 1 312 0 750 4
0 750 4 1 312 0 750 4
0 750 4 1 312 0 750 4
0 750 4 1 1104 0 750 4
0 750 4 1 1104 0 750 4
0 750 4 1 1104 0 750 4
0 750 4 1 1134 0 750 4
0 750 4 1 1134 0 750 4
0 750 4 1 1134 0 750 4
0 750 4 1 1134 0 750 4
0 750 4 1 1134 0 750 4
0 750 4 1 1134 0 750 4
0 750 4 1 1134 0 750 4
0 750 4 1 1134 0 750 4
0 750 4 1 1134 0 750 4
0 750 4 1 1134 0 750 4
0 750 4 1 412 0 750 4
0 750 4 1 412 0 750 4
0 750 4 1 412 0 750 4
0 750 4 1 412 0 750 4
0 750 4 1 405 0 750 4
0 750 4 1 405 0 750 4
0 750 4 1 712 0 750 4
0 750 4 1 712 0 750 4
0 750 4 1 712 0 750 4
0 750 4 1 712 0 750 4
0 750 4 1 712 0 750 4
0 750 4 1 847 0 750 4
0 750 4 1 65 0 750 4
0 750 4 1 65 0 750 4
0 750 4 1 65 0 750 4
0 750 4 1 159 0 750 4
0 750 4 1 159 0 750 4
0 750 4 1 159 0 750 4
0 750 4 1 159 0 750 4
0 750 4 1 971 0 750 4
0 750 4 1 971 0 750 4
0 750 4 1 971 0 750 4
0 750 4 1 971 0 750 4
0 750 4 1 971 0 750 4
0 750 4 1 971 0 750 4
0 750 4 1 971 0 750 4
0 750 4 1 971 0 750 4
0 467 1222 1 438 0 467 1222
-1
29 44
355 679 5 1 600 355 679 5
355 679 5 1 1030 355 679 5
355 679 5 1 1030 355 679 5
355 679 5 1 1030 355 679 5
355 679 5 1 1030 355 679 5
355 679 5 1 562 355 679 5
355 679 5 1 562 355 679 5
355 679 5 1 1052 355 679 5
355 679 5 1 1052 355 679 5
355 679 5 1 1052 355 679 5
355 679 5 1 652 355 679 5
355 679 5 1 873 355 679 5
355 679 5 1 579 355 679 5
355 679 5 1 579 355 679 5
355 679 5 1 579 355 679 5
355 679 5 1 579 355 679 5
355 679 5 1 579 355 679 5
355 679 5 1 579 355 679 5
355 679 5 1 1037 355 679 5
355 679 5 1 1037 355 679 5
355 679 5 1 1037 355 679 5
355 679 5 1 1037 355 679 5
355 679 5 1 1037 355 679 5
355 679 5 1 1117 355 679 5
355 679 5 1 1117 355 679 5
355 679 5 1 1117 355 679 5
355 679 5 1 676 355 679 5
355 679 5 1 676 355 679 5
355 679 5 1 676 355 679 5
355 679 5 1 676 355 679 5
355 679 5 1 676 355 679 5
355 679 5 1 265 355 679 5
355 679 5 1 265 355 679 5
355 679 5 1 265 355 679 5
355 679 5 1 265 355 679 5
355 679 5 1 1112 355 679 5
355 679 5 1 1112 355 679 5
355 679 5 1 1112 355 679 5
355 679 5 1 700 355 679 5
355 679 5 1 700 355 679 5
355 679 5 1 700 355 679 5
355 679 5 1 700 355 679 5
355 679 5 1 700 355 679 5
213 0 1974 2 1030 189 0 1319 600 24 0 655
-1
30 60
0 803 3 1 907 0 803 3
0 803 3 1 907 0 803 3
0 803 3 1 907 0 803 3
0 803 3 1 907 0 803 3
0 803 3 1 907 0 803 3
0 803 3 1 457 0 803 3
0 803 3 1 457 0 803 3
0 803 3 1 457 0 803 3
0 803 3 1 421 0 803 3
0 803 3 1 421 0 803 3
0 803 3 1 858 0 803 3
0 803 3 1 858 0 803 3
0 803 3 1 858 0 803 3
0 803 3 1 858 0 803 3
0 803 3 1 765 0 803 3
0 803 3 1 765 0 803 3
0 803 3 1 765 0 803 3
0 803 3 1 494 0 803 3
0 803 3 1 886 0 803 3
0 803 3 1 694 0 803 3
0 803 3 1 694 0 803 3
0 803 3 1 694 0 803 3
0 803 3 1 558 0 803 3
0 803 3 1 558 0 803 3
0 803 3 1 558 0 803 3
0 803 3 1 956 0 803 3
0 803 3 1 956 0 803 3
0 803 3 1 1138 0 803 3
0 803 3 1 1138 0 803 3
0 803 3 1 514 0 803 3
0 803 3 1 1029 0 803 3
0 803 3 1 1029 0 803 3
0 803 3 1 1029 0 803 3
0 803 3 1 1029 0 803 3
0 803 3 1 1029 0 803 3
0 803 3 1 1029 0 803 3
0 803 3 1 1050 0 803 3
0 803 3 1 1050 0 803 3
0 803 3 1 1050 0 803 3
0 803 3 1 341 0 803 3
0 803 3 1 1144 0 803 3
0 803 3 1 1144 0 803 3
0 803 3 1 1144 0 803 3
0 803 3 1 917 0 803 3
0 803 3 1 917 0 803 3
0 803 3 1 147 0 803 3
0 803 3 1 147 0 803 3
0 803 3 1 572 0 803 3
0 803 3 1 151 0 803 3
0 803 3 1 151 0 803 3
0 803 3 1 151 0 803 3
0 803 3 1 151 0 803 3
0 803 3 1 151 0 803 3
0 803 3 1 151 0 803 3
0 803 3 1 349 0 803 3
0 803 3 1 349 0 803 3
0 803 3 1 349 0 803 3
0 803 3 1 565 0 803 3
0 803 3 1 565 0 803 3
0 40 1307 1 907 0 40 1307
-1
31 70
0 531 2 1 473 0 531 2
0 531 2 1 473 0 531 2
0 531 2 1 473 0 531 2
0 531 2 1 89 0 531 2
0 531 2 1 89 0 531 2
0 531 2 1 89 0 531 2
0 531 2 1 89 0 531 2
0 531 2 1 1081 0 531 2
0 531 2 1 1081 0 531 2
0 531 2 1 1081 0 531 2
0 531 2 1 1081 0 531 2
0 531 2 1 150 0 531 2
0 531 2 1 150 0 531 2
0 531 2 1 150 0 531 2
0 531 2 1 150 0 531 2
0 531 2 1 152 0 531 2
0 531 2 1 152 0 531 2
0 531 2 1 152 0 531 2
0 531 2 1 1135 0 531 2
0 531 2 1 1135 0 531 2
0 531 2 1 1135 0 531 2
0 531 2 1 1135 0 531 2
0 531 2 1 1135 0 531 2
0 531 2 1 119 0 531 2
0 531 2 1 119 0 531 2
0 531 2 1 119 0 531 2
0 531 2 1 119 0 531 2
0 531 2 1 119 0 531 2
0 531 2 1 119 0 531 2
0 531 2 1 119 0 531 2
0 531 2 1 119 0 531 2
0 531 2 1 466 0 531 2
0 531 2 1 466 0 531 2
0 531 2 1 466 0 531 2
0 531 2 1 466 0 531 2
0 531 2 1 466 0 531 2
0 531 2 1 466 0 531 2
0 531 2 1 267 0 531 2
0 531 2 1 267 0 531 2
0 531 2 1 718 0 531 2
0 531 2 1 718 0 531 2
0 531 2 1 718 0 531 2
0 531 2 1 325 0 531 2
0 531 2 1 291 0 531 2
0 531 2 1 291 0 531 2
0 531 2 1 291 0 531 2
0 531 2 1 291 0 531 2
0 531 2 1 177 0 531 2
0 531 2 1 1039 0 531 2
0 531 2 1 1039 0 531 2
0 531 2 1 1039 0 531 2
0 531 2 1 1039 0 531 2
0 531 2 1 1039 0 531 2
0 531 2 1 492 0 531 2
0 531 2 1 492 0 531 2
0 531 2 1 492 0 531 2
0 531 2 1 492 0 531 2
0 531 2 1 492 0 531 2
0 531 2 1 372 0 531 2
0 531 2 1 372 0 531 2
0 531 2 1 372 0 531 2
0 531 2 1 372 0 531 2
0 531 2 1 372 0 531 2
0 531 2 1 372 0 531 2
0 531 2 1 1006 0 531 2
0 531 2 1 1006 0 531 2
0 531 2 1 1006 0 531 2
0 442 385 1 269 0 442 385
0 393 596 2 152 0 291 594 473 0 102 2
0 45 859 1 473 0 45 859
-1
32 52
0 818 0 1 885 0 818 0
0 818 0 1 729 0 818 0
0 818 0 1 729 0 818 0
0 818 0 1 729 0 818 0
0 818 0 1 729 0 818 0
0 818 0 1 944 0 818 0
0 818 0 1 944 0 818 0
0 818 0 1 944 0 818 0
0 818 0 1 944 0 818 0
0 818 0 1 456 0 818 0
0 818 0 1 456 0 818 0
0 818 0 1 456 0 818 0
0 818 0 1 456 0 818 0
0 818 0 1 806 0 818 0
0 818 0 1 806 0 818 0
0 818 0 1 57 0 818 0
0 818 0 1 747 0 818 0
0 818 0 1 747 0 818 0
0 818 0 1 747 0 818 0
0 818 0 1 747 0 818 0
0 818 0 1 1095 0 818 0
0 818 0 1 1095 0 818 0
0 818 0 1 1095 0 818 0
0 818 0 1 218 0 818 0
0 818 0 1 218 0 818 0
0 818 0 1 218 0 818 0
0 818 0 1 463 0 818 0
0 818 0 1 911 0 818 0
0 818 0 1 911 0 818 0
0 818 0 1 911 0 818 0
0 818 0 1 936 0 818 0
0 818 0 1 228 0 818 0
0 818 0 1 228 0 818 0
0 818 0 1 737 0 818 0
0 818 0 1 1137 0 818 0
0 818 0 1 1137 0 818 0
0 818 0 1 509 0 818 0
0 818 0 1 509 0 818 0
0 818 0 1 935 0 818 0
0 818 0 1 935 0 818 0
0 818 0 1 935 0 818 0
0 818 0 1 935 0 818 0
0 818 0 1 799 0 818 0
0 818 0 1 799 0 818 0
0 818 0 1 773 0 818 0
0 818 0 1 839 0 818 0
0 818 0 1 1118 0 818 0
0 818 0 1 1118 0 818 0
0 818 0 1 1118 0 818 0
0 818 0 1 1118 0 818 0
0 577 1037 1 1095 0 577 1037
0 553 867 1 448 0 553 867
-1
33 67
0 743 3 1 132 0 743 3
0 743 3 1 132 0 743 3
0 743 3 1 132 0 743 3
0 743 3 1 132 0 743 3
0 743 3 1 132 0 743 3
0 743 3 1 438 0 743 3
0 743 3 1 438 0 743 3
0 743 3 1 438 0 743 3
0 743 3 1 438 0 743 3
0 743 3 1 438 0 743 3
0 743 3 1 438 0 743 3
0 743 3 1 438 0 743 3
0 743 3 1 438 0 743 3
0 743 3 1 438 0 743 3
0 743 3 1 516 0 743 3
0 743 3 1 516 0 743 3
0 743 3 1 174 0 743 3
0 743 3 1 174 0 743 3
0 743 3 1 174 0 743 3
0 743 3 1 174 0 743 3
0 743 3 1 174 0 743 3
0 743 3 1 312 0 743 3
0 743 3 1 312 0 743 3
0 743 3 1 312 0 743 3
0 743 3 1 312 0 743 3
0 743 3 1 312 0 743 3
0 743 3 1 1104 0 743 3
0 743 3 1 1134 0 743 3
0 743 3 1 1134 0 743 3
0 743 3 1 1134 0 743 3
0 743 3 1 1134 0 743 3
0 743 3 1 1134 0 743 3
0 743 3 1 412 0 743 3
0 743 3 1 412 0 743 3
0 743 3 1 412 0 743 3
0 743 3 1 405 0 743 3
0 743 3 1 405 0 743 3
0 743 3 1 405 0 743 3
0 743 3 1 405 0 743 3
0 743 3 1 405 0 743 3
0 743 3 1 405 0 743 3
0 743 3 1 405 0 743 3
0 743 3 1 405 0 743 3
0 743 3 1 405 0 743 3
0 743 3 1 712 0 743 3
0 743 3 1 712 0 743 3
0 743 3 1 712 0 743 3
0 743 3 1 712 0 743 3
0 743 3 1 712 0 743 3
0 743 3 1 712 0 743 3
0 743 3 1 712 0 743 3
0 743 3 1 65 0 743 3
0 743 3 1 65 0 743 3
0 743 3 1 65 0 743 3
0 743 3 1 65 0 743 3
0 743 3 1 65 0 743 3
0 743 3 1 159 0 743 3
0 743 3 1 159 0 743 3
0 743 3 1 159 0 743 3
0 743 3 1 159 0 743 3
0 743 3 1 159 0 743 3
0 743 3 1 159 0 743 3
0 743 3 1 159 0 743 3
0 743 3 1 971 0 743 3
0 743 3 1 971 0 743 3
0 544 860 1 1104 0 544 860
0 59 801 1 132 0 59 801
-1
34 63
0 927 3 1 879 0 927 3
0 927 3 1 879 0 927 3
0 927 3 1 879 0 927 3
0 927 3 1 879 0 927 3
0 927 3 1 722 0 927 3
0 927 3 1 722 0 927 3
0 927 3 1 722 0 927 3
0 927 3 1 722 0 927 3
0 927 3 1 429 0 927 3
0 927 3 1 429 0 927 3
0 927 3 1 429 0 927 3
0 927 3 1 429 0 927 3
0 927 3 1 429 0 927 3
0 927 3 1 269 0 927 3
0 927 3 1 269 0 927 3
0 927 3 1 269 0 927 3
0 927 3 1 269 0 927 3
0 927 3 1 792 0 927 3
0 927 3 1 792 0 927 3
0 927 3 1 792 0 927 3
0 927 3 1 792 0 927 3
0 927 3 1 792 0 927 3
0 927 3 1 792 0 927 3
0 927 3 1 792 0 927 3
0 927 3 1 154 0 927 3
0 927 3 1 154 0 927 3
0 927 3 1 154 0 927 3
0 927 3 1 154 0 927 3
0 927 3 1 154 0 927 3
0 927 3 1 262 0 927 3
0 927 3 1 262 0 927 3
0 927 3 1 262 0 927 3
0 927 3 1 262 0 927 3
0 927 3 1 262 0 927 3
0 927 3 1 434 0 927 3
0 927 3 1 282 0 927 3
0 927 3 1 282 0 927 3
0 927 3 1 282 0 927 3
0 927 3 1 282 0 927 3
0 927 3 1 282 0 927 3
0 927 3 1 305 0 927 3
0 927 3 1 181 0 927 3
0 927 3 1 181 0 927 3
0 927 3 1 181 0 927 3
0 927 3 1 181 0 927 3
0 927 3 1 181 0 927 3
0 927 3 1 291 0 927 3
0 927 3 1 177 0 927 3
0 927 3 1 177 0 927 3
0 927 3 1 634 0 927 3
0 927 3 1 634 0 927 3
0 927 3 1 634 0 927 3
0 927 3 1 1044 0 927 3
0 927 3 1 1044 0 927 3
0 927 3 1 1044 0 927 3
0 927 3 1 1039 0 927 3
0 927 3 1 777 0 927 3
0 927 3 1 777 0 927 3
0 927 3 1 777 0 927 3
0 927 3 1 777 0 927 3
0 927 3 1 777 0 927 3
0 927 3 1 891 0 927 3
0 766 696 1 610 0 766 696
-1
35 55
0 665 0 1 885 0 665 0
0 665 0 1 885 0 665 0
0 665 0 1 885 0 665 0
0 665 0 1 885 0 665 0
0 665 0 1 729 0 665 0
0 665 0 1 729 0 665 0
0 665 0 1 729 0 665 0
0 665 0 1 729 0 665 0
0 665 0 1 944 0 665 0
0 665 0 1 944 0 665 0
0 665 0 1 456 0 665 0
0 665 0 1 456 0 665 0
0 665 0 1 456 0 665 0
0 665 0 1 806 0 665 0
0 665 0 1 57 0 665 0
0 665 0 1 747 0 665 0
0 665 0 1 747 0 665 0
0 665 0 1 1095 0 665 0
0 665 0 1 1095 0 665 0
0 665 0 1 1095 0 665 0
0 665 0 1 1095 0 665 0
0 665 0 1 1095 0 665 0
0 665 0 1 790 0 665 0
0 665 0 1 218 0 665 0
0 665 0 1 218 0 665 0
0 665 0 1 218 0 665 0
0 665 0 1 218 0 665 0
0 665 0 1 218 0 665 0
0 665 0 1 911 0 665 0
0 665 0 1 911 0 665 0
0 665 0 1 911 0 665 0
0 665 0 1 911 0 665 0
0 665 0 1 911 0 665 0
0 665 0 1 936 0 665 0
0 665 0 1 936 0 665 0
0 665 0 1 936 0 665 0
0 665 0 1 936 0 665 0
0 665 0 1 936 0 665 0
0 665 0 1 936 0 665 0
0 665 0 1 936 0 665 0
0 665 0 1 140 0 665 0
0 665 0 1 694 0 665 0
0 665 0 1 737 0 665 0
0 665 0 1 737 0 665 0
0 665 0 1 509 0 665 0
0 665 0 1 509 0 665 0
0 665 0 1 935 0 665 0
0 665 0 1 935 0 665 0
0 665 0 1 935 0 665 0
0 665 0 1 935 0 665 0
0 665 0 1 516 0 665 0
0 665 0 1 799 0 665 0
0 665 0 1 773 0 665 0
0 665 0 1 312 0 665 0
0 627 164 1 509 0 627 164
-1
36 60
0 1070 1 1 435 0 1070 1
0 1070 1 1 435 0 1070 1
0 1070 1 1 435 0 1070 1
0 1070 1 1 1169 0 1070 1
0 1070 1 1 1169 0 1070 1
0 1070 1 1 373 0 1070 1
0 1070 1 1 373 0 1070 1
0 1070 1 1 373 0 1070 1
0 1070 1 1 440 0 1070 1
0 1070 1 1 440 0 1070 1
0 1070 1 1 689 0 1070 1
0 1070 1 1 689 0 1070 1
0 1070 1 1 683 0 1070 1
0 1070 1 1 683 0 1070 1
0 1070 1 1 603 0 1070 1
0 1070 1 1 603 0 1070 1
0 1070 1 1 603 0 1070 1
0 1070 1 1 613 0 1070 1
0 1070 1 1 613 0 1070 1
0 1070 1 1 180 0 1070 1
0 1070 1 1 180 0 1070 1
0 1070 1 1 180 0 1070 1
0 1070 1 1 180 0 1070 1
0 1070 1 1 180 0 1070 1
0 1070 1 1 54 0 1070 1
0 1070 1 1 1193 0 1070 1
0 1070 1 1 1193 0 1070 1
0 1070 1 1 436 0 1070 1
0 1070 1 1 607 0 1070 1
0 1070 1 1 607 0 1070 1
0 1070 1 1 607 0 1070 1
0 1070 1 1 507 0 1070 1
0 1070 1 1 507 0 1070 1
0 1070 1 1 507 0 1070 1
0 1070 1 1 475 0 1070 1
0 1070 1 1 227 0 1070 1
0 1070 1 1 227 0 1070 1
0 1070 1 1 227 0 1070 1
0 1070 1 1 227 0 1070 1
0 1070 1 1 113 0 1070 1
0 1070 1 1 485 0 1070 1
0 1070 1 1 485 0 1070 1
0 1070 1 1 485 0 1070 1
0 1070 1 1 485 0 1070 1
0 1070 1 1 485 0 1070 1
0 1070 1 1 485 0 1070 1
0 1070 1 1 633 0 1070 1
0 1070 1 1 503 0 1070 1
0 1070 1 1 503 0 1070 1
0 1070 1 1 503 0 1070 1
0 1070 1 1 740 0 1070 1
0 1070 1 1 740 0 1070 1
0 1070 1 1 942 0 1070 1
0 1070 1 1 942 0 1070 1
0 1070 1 1 942 0 1070 1
0 1070 1 1 942 0 1070 1
0 1070 1 1 942 0 1070 1
0 1070 1 1 110 0 1070 1
0 1070 1 1 110 0 1070 1
0 199 1698 2 440 0 199 1245 1169 0 0 453
-1
37 62
0 1094 0 1 1140 0 1094 0
0 1094 0 1 1140 0 1094 0
0 1094 0 1 1140 0 1094 0
0 1094 0 1 1140 0 1094 0
0 1094 0 1 1140 0 1094 0
0 1094 0 1 1140 0 1094 0
0 1094 0 1 1140 0 1094 0
0 1094 0 1 1140 0 1094 0
0 1094 0 1 395 0 1094 0
0 1094 0 1 395 0 1094 0
0 1094 0 1 395 0 1094 0
0 1094 0 1 395 0 1094 0
0 1094 0 1 395 0 1094 0
0 1094 0 1 395 0 1094 0
0 1094 0 1 395 0 1094 0
0 1094 0 1 395 0 1094 0
0 1094 0 1 395 0 1094 0
0 1094 0 1 395 0 1094 0
0 1094 0 1 395 0 1094 0
0 1094 0 1 339 0 1094 0
0 1094 0 1 339 0 1094 0
0 1094 0 1 339 0 1094 0
0 1094 0 1 339 0 1094 0
0 1094 0 1 339 0 1094 0
0 1094 0 1 339 0 1094 0
0 1094 0 1 956 0 1094 0
0 1094 0 1 591 0 1094 0
0 1094 0 1 591 0 1094 0
0 1094 0 1 591 0 1094 0
0 1094 0 1 591 0 1094 0
0 1094 0 1 591 0 1094 0
0 1094 0 1 591 0 1094 0
0 1094 0 1 591 0 1094 0
0 1094 0 1 591 0 1094 0
0 1094 0 1 591 0 1094 0
0 1094 0 1 591 0 1094 0
0 1094 0 1 1031 0 1094 0
0 1094 0 1 1031 0 1094 0
0 1094 0 1 1031 0 1094 0
0 1094 0 1 1031 0 1094 0
0 1094 0 1 1031 0 1094 0
0 1094 0 1 1067 0 1094 0
0 1094 0 1 1067 0 1094 0
0 1094 0 1 1067 0 1094 0
0 1094 0 1 1067 0 1094 0
0 1094 0 1 1067 0 1094 0
0 1094 0 1 725 0 1094 0
0 1094 0 1 725 0 1094 0
0 1094 0 1 725 0 1094 0
0 1094 0 1 725 0 1094 0
0 1094 0 1 725 0 1094 0
0 1094 0 1 725 0 1094 0
0 1094 0 1 725 0 1094 0
0 1094 0 1 725 0 1094 0
0 1094 0 1 1145 0 1094 0
0 1094 0 1 1145 0 1094 0
0 1094 0 1 1145 0 1094 0
0 1094 0 1 583 0 1094 0
0 1094 0 1 583 0 1094 0
0 1094 0 1 583 0 1094 0
0 782 1344 2 151 0 727 1341 341 0 55 3
0 113 1442 2 1140 0 113 1235 421 0 0 207
-1
38 54
0 1050 1 1 845 0 1050 1
0 1050 1 1 845 0 1050 1
0 1050 1 1 845 0 1050 1
0 1050 1 1 793 0 1050 1
0 1050 1 1 793 0 1050 1
0 1050 1 1 793 0 1050 1
0 1050 1 1 793 0 1050 1
0 1050 1 1 793 0 1050 1
0 1050 1 1 529 0 1050 1
0 1050 1 1 529 0 1050 1
0 1050 1 1 529 0 1050 1
0 1050 1 1 529 0 1050 1
0 1050 1 1 529 0 1050 1
0 1050 1 1 529 0 1050 1
0 1050 1 1 459 0 1050 1
0 1050 1 1 459 0 1050 1
0 1050 1 1 459 0 1050 1
0 1050 1 1 459 0 1050 1
0 1050 1 1 1190 0 1050 1
0 1050 1 1 1190 0 1050 1
0 1050 1 1 93 0 1050 1
0 1050 1 1 93 0 1050 1
0 1050 1 1 93 0 1050 1
0 1050 1 1 881 0 1050 1
0 1050 1 1 881 0 1050 1
0 1050 1 1 881 0 1050 1
0 1050 1 1 881 0 1050 1
0 1050 1 1 1036 0 1050 1
0 1050 1 1 1036 0 1050 1
0 1050 1 1 1036 0 1050 1
0 1050 1 1 1036 0 1050 1
0 1050 1 1 965 0 1050 1
0 1050 1 1 965 0 1050 1
0 1050 1 1 965 0 1050 1
0 1050 1 1 965 0 1050 1
0 1050 1 1 325 0 1050 1
0 1050 1 1 325 0 1050 1
0 1050 1 1 325 0 1050 1
0 1050 1 1 325 0 1050 1
0 1050 1 1 325 0 1050 1
0 1050 1 1 891 0 1050 1
0 1050 1 1 891 0 1050 1
0 1050 1 1 177 0 1050 1
0 1050 1 1 203 0 1050 1
0 1050 1 1 203 0 1050 1
0 1050 1 1 203 0 1050 1
0 1050 1 1 203 0 1050 1
0 1050 1 1 203 0 1050 1
0 1050 1 1 203 0 1050 1
0 1050 1 1 837 0 1050 1
0 1050 1 1 837 0 1050 1
0 1050 1 1 837 0 1050 1
0 801 783 1 529 0 801 783
0 924 543 2 881 0 714 542 845 0 210 1
-1
39 53
0 947 3 1 287 0 947 3
0 947 3 1 287 0 947 3
0 947 3 1 287 0 947 3
0 947 3 1 885 0 947 3
0 947 3 1 885 0 947 3
0 947 3 1 999 0 947 3
0 947 3 1 51 0 947 3
0 947 3 1 51 0 947 3
0 947 3 1 51 0 947 3
0 947 3 1 51 0 947 3
0 947 3 1 51 0 947 3
0 947 3 1 249 0 947 3
0 947 3 1 249 0 947 3
0 947 3 1 249 0 947 3
0 947 3 1 806 0 947 3
0 947 3 1 806 0 947 3
0 947 3 1 182 0 947 3
0 947 3 1 182 0 947 3
0 947 3 1 182 0 947 3
0 947 3 1 182 0 947 3
0 947 3 1 182 0 947 3
0 947 3 1 828 0 947 3
0 947 3 1 828 0 947 3
0 947 3 1 828 0 947 3
0 947 3 1 828 0 947 3
0 947 3 1 828 0 947 3
0 947 3 1 828 0 947 3
0 947 3 1 294 0 947 3
0 947 3 1 1104 0 947 3
0 947 3 1 1104 0 947 3
0 947 3 1 1104 0 947 3
0 947 3 1 1104 0 947 3
0 947 3 1 1104 0 947 3
0 947 3 1 297 0 947 3
0 947 3 1 297 0 947 3
0 947 3 1 297 0 947 3
0 947 3 1 297 0 947 3
0 947 3 1 297 0 947 3
0 947 3 1 297 0 947 3
0 947 3 1 710 0 947 3
0 947 3 1 710 0 947 3
0 947 3 1 1032 0 947 3
0 947 3 1 228 0 947 3
0 947 3 1 228 0 947 3
0 947 3 1 44 0 947 3
0 947 3 1 44 0 947 3
0 947 3 1 44 0 947 3
0 947 3 1 44 0 947 3
0 947 3 1 653 0 947 3
0 947 3 1 738 0 947 3
0 947 3 1 847 0 947 3
0 605 975 1 999 0 605 975
0 533 729 1 287 0 533 729
-1
40 57
0 532 3 1 805 0 532 3
0 532 3 1 805 0 532 3
0 532 3 1 805 0 532 3
0 532 3 1 805 0 532 3
0 532 3 1 805 0 532 3
0 532 3 1 805 0 532 3
0 532 3 1 805 0 532 3
0 532 3 1 696 0 532 3
0 532 3 1 696 0 532 3
0 532 3 1 696 0 532 3
0 532 3 1 257 0 532 3
0 532 3 1 257 0 532 3
0 532 3 1 257 0 532 3
0 532 3 1 257 0 532 3
0 532 3 1 1142 0 532 3
0 532 3 1 1142 0 532 3
0 532 3 1 1142 0 532 3
0 532 3 1 234 0 532 3
0 532 3 1 512 0 532 3
0 532 3 1 512 0 532 3
0 532 3 1 512 0 532 3
0 532 3 1 512 0 532 3
0 532 3 1 512 0 532 3
0 532 3 1 1037 0 532 3
0 532 3 1 268 0 532 3
0 532 3 1 268 0 532 3
0 532 3 1 268 0 532 3
0 532 3 1 268 0 532 3
0 532 3 1 268 0 532 3
0 532 3 1 268 0 532 3
0 532 3 1 84 0 532 3
0 532 3 1 84 0 532 3
0 532 3 1 84 0 532 3
0 532 3 1 84 0 532 3
0 532 3 1 1132 0 532 3
0 532 3 1 1132 0 532 3
0 532 3 1 965 0 532 3
0 532 3 1 965 0 532 3
0 532 3 1 1036 0 532 3
0 532 3 1 969 0 532 3
0 532 3 1 969 0 532 3
0 532 3 1 969 0 532 3
0 532 3 1 969 0 532 3
0 532 3 1 969 0 532 3
0 532 3 1 1190 0 532 3
0 532 3 1 93 0 532 3
0 532 3 1 191 0 532 3
0 532 3 1 191 0 532 3
0 532 3 1 191 0 532 3
0 532 3 1 459 0 532 3
0 532 3 1 956 0 532 3
0 512 90 2 395 0 512 89 696 0 0 1
0 500 141 1 84 0 500 141
0 532 3 1 1149 0 532 3
0 532 3 1 1149 0 532 3
0 532 3 1 837 0 532 3
0 532 3 1 837 0 532 3
-1
