1 21
0 8333 1 1 23 0 8333 1
0 8333 1 1 153 0 8333 1
0 8333 1 1 77 0 8333 1
0 8333 1 1 150 0 8333 1
0 8333 1 1 1 0 8333 1
0 8333 1 1 36 0 8333 1
0 8333 1 1 193 0 8333 1
0 8333 1 1 98 0 8333 1
0 8333 1 1 34 0 8333 1
0 8333 1 1 90 0 8333 1
0 8333 1 1 155 0 8333 1
0 8333 1 1 111 0 8333 1
0 8333 1 1 6 0 8333 1
0 8333 1 1 115 0 8333 1
0 8333 1 1 119 0 8333 1
0 8333 1 1 109 0 8333 1
0 8333 1 1 112 0 8333 1
0 8333 1 1 4 0 8333 1
0 8333 1 1 9 0 8333 1
0 8333 1 1 142 0 8333 1
0 8140 859 2 80 0 7722 858 142 0 418 1
-1
2 45
0 416 2 1 95 0 416 2
0 416 2 1 95 0 416 2
0 416 2 1 95 0 416 2
0 416 2 1 95 0 416 2
0 416 2 1 95 0 416 2
0 416 2 1 95 0 416 2
0 416 2 1 95 0 416 2
0 416 2 1 95 0 416 2
0 416 2 1 95 0 416 2
0 416 2 1 95 0 416 2
0 416 2 1 95 0 416 2
0 416 2 1 95 0 416 2
0 416 2 1 95 0 416 2
0 416 2 1 95 0 416 2
0 416 2 1 95 0 416 2
0 416 2 1 95 0 416 2
0 416 2 1 1 0 416 2
0 416 2 1 84 0 416 2
0 416 2 1 84 0 416 2
0 416 2 1 100 0 416 2
0 375 185 1 178 0 375 185
0 416 2 1 50 0 416 2
0 416 2 1 50 0 416 2
0 416 2 1 70 0 416 2
0 416 2 1 70 0 416 2
0 416 2 1 70 0 416 2
0 416 2 1 70 0 416 2
0 416 2 1 70 0 416 2
0 416 2 1 7 0 416 2
0 416 2 1 163 0 416 2
0 416 2 1 150 0 416 2
0 386 136 1 195 0 386 136
0 353 282 1 50 0 353 282
0 289 567 1 30 0 289 567
0 221 869 1 95 0 221 869
0 269 656 1 100 0 269 656
0 278 616 1 23 0 278 616
0 254 722 1 153 0 254 722
0 242 776 2 84 0 242 586 1 0 0 190
0 265 674 1 70 0 265 674
0 173 1082 1 77 0 173 1082
0 215 896 2 113 0 171 858 1 0 44 38
0 21 1666 3 34 0 21 1267 195 0 0 366 95 0 0 33
0 0 1505 2 1 0 0 746 153 0 0 759
0 48 1028 2 7 0 48 666 100 0 0 362
-1
3 34
0 1465 3 1 63 0 1465 3
0 1465 3 1 63 0 1465 3
0 1465 3 1 100 0 1465 3
0 1465 3 1 100 0 1465 3
0 1465 3 1 100 0 1465 3
0 1465 3 1 30 0 1465 3
0 1465 3 1 30 0 1465 3
0 1465 3 1 93 0 1465 3
0 1465 3 1 93 0 1465 3
0 1465 3 1 50 0 1465 3
0 1465 3 1 50 0 1465 3
0 1465 3 1 134 0 1465 3
0 1465 3 1 106 0 1465 3
0 1465 3 1 106 0 1465 3
0 1465 3 1 84 0 1465 3
0 1465 3 1 188 0 1465 3
0 1465 3 1 188 0 1465 3
0 1465 3 1 188 0 1465 3
0 1465 3 1 188 0 1465 3
0 1465 3 1 22 0 1465 3
0 1465 3 1 22 0 1465 3
0 1465 3 1 22 0 1465 3
0 1465 3 1 185 0 1465 3
0 1465 3 1 185 0 1465 3
0 1465 3 1 185 0 1465 3
0 1465 3 1 160 0 1465 3
0 1465 3 1 160 0 1465 3
0 1465 3 1 26 0 1465 3
0 1465 3 1 26 0 1465 3
0 1465 3 1 26 0 1465 3
0 1465 3 1 26 0 1465 3
0 1465 3 1 26 0 1465 3
0 1293 768 2 185 0 1197 766 93 0 96 2
0 93 1259 1 63 0 93 1259
-1
4 29
0 1083 1 1 23 0 1083 1
0 1083 1 1 153 0 1083 1
0 1083 1 1 153 0 1083 1
0 1083 1 1 153 0 1083 1
0 1083 1 1 189 0 1083 1
0 1083 1 1 189 0 1083 1
0 1083 1 1 189 0 1083 1
0 1083 1 1 189 0 1083 1
0 1083 1 1 31 0 1083 1
0 1083 1 1 31 0 1083 1
0 1083 1 1 31 0 1083 1
0 1083 1 1 163 0 1083 1
0 1083 1 1 163 0 1083 1
0 1083 1 1 163 0 1083 1
0 1083 1 1 178 0 1083 1
0 1083 1 1 178 0 1083 1
0 1083 1 1 193 0 1083 1
0 1083 1 1 193 0 1083 1
0 1083 1 1 98 0 1083 1
0 1083 1 1 52 0 1083 1
0 1083 1 1 39 0 1083 1
0 1083 1 1 146 0 1083 1
0 1083 1 1 46 0 1083 1
0 1083 1 1 195 0 1083 1
0 1083 1 1 119 0 1083 1
0 1043 179 1 145 0 1043 179
0 991 410 1 115 0 991 410
0 972 494 1 101 0 972 494
0 0 629 1 23 0 0 629
-1
5 32
0 857 2 1 164 0 857 2
0 857 2 1 164 0 857 2
0 857 2 1 113 0 857 2
0 857 2 1 113 0 857 2
0 857 2 1 113 0 857 2
0 857 2 1 113 0 857 2
0 857 2 1 113 0 857 2
0 857 2 1 113 0 857 2
0 857 2 1 113 0 857 2
0 857 2 1 113 0 857 2
0 857 2 1 113 0 857 2
0 790 300 1 164 0 790 300
0 857 2 1 70 0 857 2
0 857 2 1 70 0 857 2
0 857 2 1 70 0 857 2
0 857 2 1 70 0 857 2
0 857 2 1 70 0 857 2
0 857 2 1 70 0 857 2
0 857 2 1 70 0 857 2
0 857 2 1 70 0 857 2
0 857 2 1 190 0 857 2
0 857 2 1 40 0 857 2
0 857 2 1 40 0 857 2
0 783 331 1 155 0 783 331
0 736 540 1 98 0 736 540
0 857 2 1 93 0 857 2
0 697 713 2 15 0 692 710 46 0 5 3
0 668 842 1 36 0 668 842
0 511 1539 2 130 0 511 527 168 0 0 1012
0 309 2124 3 134 0 309 966 30 0 0 553 178 0 0 605
0 0 864 1 164 0 0 864
0 426 1917 3 193 0 140 1349 39 0 204 565 31 0 82 3
-1
6 29
0 1529 0 1 23 0 1529 0
0 1529 0 1 153 0 1529 0
0 1529 0 1 189 0 1529 0
0 1529 0 1 189 0 1529 0
0 1529 0 1 77 0 1529 0
0 1529 0 1 150 0 1529 0
0 1529 0 1 31 0 1529 0
0 1529 0 1 36 0 1529 0
0 1529 0 1 163 0 1529 0
0 1529 0 1 163 0 1529 0
0 1529 0 1 178 0 1529 0
0 1529 0 1 178 0 1529 0
0 1529 0 1 178 0 1529 0
0 1529 0 1 95 0 1529 0
0 1529 0 1 193 0 1529 0
0 1529 0 1 52 0 1529 0
0 1529 0 1 52 0 1529 0
0 1529 0 1 52 0 1529 0
0 1529 0 1 39 0 1529 0
0 1529 0 1 39 0 1529 0
0 1529 0 1 34 0 1529 0
0 1529 0 1 34 0 1529 0
0 1529 0 1 146 0 1529 0
0 1529 0 1 195 0 1529 0
0 1529 0 1 195 0 1529 0
0 1529 0 1 137 0 1529 0
0 1529 0 1 137 0 1529 0
0 1529 0 1 137 0 1529 0
0 1529 0 1 111 0 1529 0
-1
7 41
0 749 0 1 5 0 749 0
0 749 0 1 5 0 749 0
0 749 0 1 5 0 749 0
0 749 0 1 143 0 749 0
0 749 0 1 99 0 749 0
0 749 0 1 99 0 749 0
0 749 0 1 99 0 749 0
0 749 0 1 99 0 749 0
0 749 0 1 177 0 749 0
0 749 0 1 177 0 749 0
0 749 0 1 177 0 749 0
0 749 0 1 149 0 749 0
0 749 0 1 149 0 749 0
0 749 0 1 149 0 749 0
0 749 0 1 149 0 749 0
0 749 0 1 149 0 749 0
0 749 0 1 91 0 749 0
0 749 0 1 91 0 749 0
0 749 0 1 132 0 749 0
0 749 0 1 132 0 749 0
0 749 0 1 58 0 749 0
0 749 0 1 58 0 749 0
0 749 0 1 58 0 749 0
0 749 0 1 58 0 749 0
0 749 0 1 57 0 749 0
0 749 0 1 57 0 749 0
0 749 0 1 57 0 749 0
0 749 0 1 6 0 749 0
0 749 0 1 38 0 749 0
0 749 0 1 38 0 749 0
0 749 0 1 38 0 749 0
0 705 196 1 177 0 705 196
0 749 0 1 4 0 749 0
0 749 0 1 4 0 749 0
0 749 0 1 122 0 749 0
0 749 0 1 39 0 749 0
0 749 0 1 172 0 749 0
0 749 0 1 141 0 749 0
0 749 0 1 141 0 749 0
0 749 0 1 141 0 749 0
0 749 0 1 171 0 749 0
-1
8 37
89 1347 3 1 5 89 1347 3
89 1347 3 1 143 89 1347 3
89 1347 3 1 143 89 1347 3
89 1347 3 1 143 89 1347 3
89 1347 3 1 99 89 1347 3
89 1347 3 1 99 89 1347 3
89 1347 3 1 177 89 1347 3
89 1347 3 1 177 89 1347 3
89 1347 3 1 177 89 1347 3
89 1347 3 1 149 89 1347 3
89 1347 3 1 149 89 1347 3
89 1347 3 1 179 89 1347 3
89 1347 3 1 179 89 1347 3
89 1347 3 1 179 89 1347 3
89 1347 3 1 91 89 1347 3
89 1347 3 1 132 89 1347 3
89 1347 3 1 132 89 1347 3
89 1347 3 1 58 89 1347 3
89 1347 3 1 58 89 1347 3
89 1347 3 1 57 89 1347 3
89 1347 3 1 38 89 1347 3
89 1347 3 1 38 89 1347 3
89 1347 3 1 38 89 1347 3
89 1347 3 1 4 89 1347 3
89 1347 3 1 122 89 1347 3
89 1347 3 1 122 89 1347 3
89 1347 3 1 122 89 1347 3
89 1347 3 1 172 89 1347 3
89 1347 3 1 172 89 1347 3
89 1347 3 1 141 89 1347 3
89 1347 3 1 141 89 1347 3
89 1347 3 1 141 89 1347 3
89 1347 3 1 171 89 1347 3
89 1347 3 1 85 89 1347 3
89 1347 3 1 85 89 1347 3
89 350 905 1 143 89 350 905
37 0 562 1 5 37 0 562
-1
9 34
0 1454 0 1 15 0 1454 0
0 1454 0 1 15 0 1454 0
0 1454 0 1 88 0 1454 0
0 1454 0 1 88 0 1454 0
0 1454 0 1 46 0 1454 0
0 1454 0 1 168 0 1454 0
0 1454 0 1 168 0 1454 0
0 1454 0 1 130 0 1454 0
0 1454 0 1 200 0 1454 0
0 1454 0 1 200 0 1454 0
0 1454 0 1 200 0 1454 0
0 1454 0 1 121 0 1454 0
0 1454 0 1 121 0 1454 0
0 1454 0 1 121 0 1454 0
0 1454 0 1 191 0 1454 0
0 1454 0 1 191 0 1454 0
0 1454 0 1 156 0 1454 0
0 1454 0 1 156 0 1454 0
0 1454 0 1 19 0 1454 0
0 1454 0 1 19 0 1454 0
0 1454 0 1 19 0 1454 0
0 1454 0 1 118 0 1454 0
0 1454 0 1 118 0 1454 0
0 1454 0 1 32 0 1454 0
0 1454 0 1 109 0 1454 0
0 1454 0 1 109 0 1454 0
0 1454 0 1 145 0 1454 0
0 1454 0 1 145 0 1454 0
0 1454 0 1 9 0 1454 0
0 1454 0 1 158 0 1454 0
0 1454 0 1 158 0 1454 0
0 1454 0 1 158 0 1454 0
0 1191 1169 1 121 0 1191 1169
0 1247 920 2 156 0 1169 918 130 0 78 2
-1
10 38
0 1162 2 1 164 0 1162 2
0 1162 2 1 164 0 1162 2
0 1162 2 1 164 0 1162 2
0 1162 2 1 164 0 1162 2
0 1162 2 1 164 0 1162 2
0 1162 2 1 164 0 1162 2
0 1162 2 1 164 0 1162 2
0 1162 2 1 182 0 1162 2
0 1162 2 1 182 0 1162 2
0 1162 2 1 182 0 1162 2
0 1162 2 1 182 0 1162 2
0 1162 2 1 182 0 1162 2
0 1162 2 1 182 0 1162 2
0 1162 2 1 182 0 1162 2
0 1162 2 1 182 0 1162 2
0 1162 2 1 182 0 1162 2
0 1162 2 1 182 0 1162 2
0 1162 2 1 155 0 1162 2
0 1162 2 1 190 0 1162 2
0 1162 2 1 190 0 1162 2
0 1162 2 1 190 0 1162 2
0 1162 2 1 190 0 1162 2
0 1162 2 1 190 0 1162 2
0 1162 2 1 190 0 1162 2
0 1162 2 1 190 0 1162 2
0 1162 2 1 183 0 1162 2
0 1162 2 1 183 0 1162 2
0 1162 2 1 183 0 1162 2
0 1162 2 1 183 0 1162 2
0 1162 2 1 183 0 1162 2
0 1162 2 1 40 0 1162 2
0 1162 2 1 40 0 1162 2
0 999 726 2 52 0 873 726 163 0 126 0
0 1043 531 2 40 0 777 527 182 0 266 4
0 927 1046 2 90 0 487 979 168 0 440 67
0 701 2051 3 189 0 359 857 163 0 189 777 190 0 153 417
0 250 3685 4 182 0 75 1305 150 0 108 1151 183 0 67 643 98 0 0 586
0 194 1565 2 46 0 194 757 155 0 0 808
-1
11 33
0 1417 2 1 63 0 1417 2
0 1417 2 1 63 0 1417 2
0 1417 2 1 63 0 1417 2
0 1417 2 1 63 0 1417 2
0 1417 2 1 100 0 1417 2
0 1417 2 1 100 0 1417 2
0 1417 2 1 93 0 1417 2
0 1417 2 1 50 0 1417 2
0 1417 2 1 50 0 1417 2
0 1417 2 1 50 0 1417 2
0 1417 2 1 50 0 1417 2
0 1417 2 1 134 0 1417 2
0 1417 2 1 134 0 1417 2
0 1417 2 1 7 0 1417 2
0 1417 2 1 106 0 1417 2
0 1417 2 1 106 0 1417 2
0 1417 2 1 84 0 1417 2
0 1417 2 1 84 0 1417 2
0 1417 2 1 188 0 1417 2
0 1417 2 1 22 0 1417 2
0 1417 2 1 22 0 1417 2
0 1417 2 1 22 0 1417 2
0 1417 2 1 101 0 1417 2
0 1417 2 1 101 0 1417 2
0 1417 2 1 101 0 1417 2
0 1417 2 1 160 0 1417 2
0 1417 2 1 26 0 1417 2
0 1417 2 1 28 0 1417 2
0 1417 2 1 28 0 1417 2
0 1417 2 1 28 0 1417 2
0 1417 2 1 28 0 1417 2
0 1109 1371 2 22 0 1035 1368 106 0 74 3
0 223 909 1 93 0 223 909
-1
12 34
0 1377 2 1 88 0 1377 2
0 1377 2 1 88 0 1377 2
0 1377 2 1 46 0 1377 2
0 1377 2 1 46 0 1377 2
0 1377 2 1 168 0 1377 2
0 1377 2 1 168 0 1377 2
0 1377 2 1 168 0 1377 2
0 1377 2 1 130 0 1377 2
0 1377 2 1 130 0 1377 2
0 1377 2 1 200 0 1377 2
0 1377 2 1 200 0 1377 2
0 1377 2 1 121 0 1377 2
0 1377 2 1 121 0 1377 2
0 1377 2 1 121 0 1377 2
0 1377 2 1 191 0 1377 2
0 1377 2 1 191 0 1377 2
0 1377 2 1 191 0 1377 2
0 1377 2 1 19 0 1377 2
0 1377 2 1 146 0 1377 2
0 1377 2 1 32 0 1377 2
0 1377 2 1 32 0 1377 2
0 1377 2 1 32 0 1377 2
0 1377 2 1 32 0 1377 2
0 1377 2 1 32 0 1377 2
0 1299 348 1 200 0 1299 348
0 1377 2 1 20 0 1377 2
0 1377 2 1 20 0 1377 2
0 1377 2 1 20 0 1377 2
0 1377 2 1 20 0 1377 2
0 1377 2 1 20 0 1377 2
0 1377 2 1 145 0 1377 2
0 1377 2 1 9 0 1377 2
0 1281 428 1 19 0 1281 428
0 908 1036 1 88 0 908 1036
-1
13 31
0 1401 2 1 63 0 1401 2
0 1401 2 1 63 0 1401 2
0 1401 2 1 100 0 1401 2
0 1401 2 1 30 0 1401 2
0 1401 2 1 30 0 1401 2
0 1401 2 1 30 0 1401 2
0 1401 2 1 30 0 1401 2
0 1401 2 1 30 0 1401 2
0 1401 2 1 93 0 1401 2
0 1401 2 1 93 0 1401 2
0 1401 2 1 134 0 1401 2
0 1401 2 1 134 0 1401 2
0 1401 2 1 134 0 1401 2
0 1401 2 1 7 0 1401 2
0 1401 2 1 7 0 1401 2
0 1401 2 1 7 0 1401 2
0 1401 2 1 106 0 1401 2
0 1401 2 1 188 0 1401 2
0 1401 2 1 22 0 1401 2
0 1401 2 1 22 0 1401 2
0 1401 2 1 101 0 1401 2
0 1401 2 1 185 0 1401 2
0 1401 2 1 160 0 1401 2
0 1401 2 1 160 0 1401 2
0 1401 2 1 70 0 1401 2
0 1401 2 1 26 0 1401 2
0 1401 2 1 26 0 1401 2
0 1401 2 1 28 0 1401 2
0 1401 2 1 28 0 1401 2
0 1401 2 1 28 0 1401 2
0 1203 882 2 160 0 897 882 188 0 306 0
-1
14 33
0 1365 0 1 5 0 1365 0
0 1365 0 1 143 0 1365 0
0 1365 0 1 143 0 1365 0
0 1365 0 1 99 0 1365 0
0 1365 0 1 99 0 1365 0
0 1365 0 1 177 0 1365 0
0 1365 0 1 177 0 1365 0
0 1365 0 1 149 0 1365 0
0 1365 0 1 149 0 1365 0
0 1365 0 1 149 0 1365 0
0 1365 0 1 149 0 1365 0
0 1365 0 1 91 0 1365 0
0 1365 0 1 91 0 1365 0
0 1365 0 1 91 0 1365 0
0 1365 0 1 58 0 1365 0
0 1365 0 1 58 0 1365 0
0 1365 0 1 58 0 1365 0
0 1365 0 1 57 0 1365 0
0 1365 0 1 57 0 1365 0
0 1365 0 1 4 0 1365 0
0 1365 0 1 122 0 1365 0
0 1365 0 1 122 0 1365 0
0 1365 0 1 172 0 1365 0
0 1365 0 1 172 0 1365 0
0 1365 0 1 141 0 1365 0
0 1365 0 1 141 0 1365 0
0 1365 0 1 141 0 1365 0
0 1365 0 1 141 0 1365 0
0 1365 0 1 141 0 1365 0
0 1365 0 1 171 0 1365 0
0 1365 0 1 171 0 1365 0
0 1365 0 1 171 0 1365 0
0 1365 0 1 85 0 1365 0
-1
15 32
12 1410 3 1 15 12 1410 3
12 1410 3 1 15 12 1410 3
12 1410 3 1 88 12 1410 3
12 1410 3 1 88 12 1410 3
12 1410 3 1 46 12 1410 3
12 1410 3 1 168 12 1410 3
12 1410 3 1 168 12 1410 3
12 1410 3 1 200 12 1410 3
12 1410 3 1 200 12 1410 3
12 1410 3 1 121 12 1410 3
12 1410 3 1 121 12 1410 3
12 1410 3 1 191 12 1410 3
12 1410 3 1 191 12 1410 3
12 1410 3 1 191 12 1410 3
12 1410 3 1 191 12 1410 3
12 1410 3 1 156 12 1410 3
12 1410 3 1 156 12 1410 3
12 1410 3 1 156 12 1410 3
12 1410 3 1 118 12 1410 3
12 1410 3 1 118 12 1410 3
12 1410 3 1 146 12 1410 3
12 1410 3 1 32 12 1410 3
12 1410 3 1 32 12 1410 3
12 1410 3 1 32 12 1410 3
12 1410 3 1 111 12 1410 3
12 1410 3 1 115 12 1410 3
12 1410 3 1 20 12 1410 3
12 1410 3 1 145 12 1410 3
12 1410 3 1 9 12 1410 3
12 1410 3 1 158 12 1410 3
12 1410 3 1 45 12 1410 3
12 1410 3 1 45 12 1410 3
-1
