1 5
6 1992 4 1 5 6 1992 4
6 1992 4 1 5 6 1992 4
6 1992 4 1 3 6 1992 4
6 1992 4 1 4 6 1992 4
6 1992 4 1 4 6 1992 4
-1
2 8
0 1542 2 1 10 0 1542 2
0 1542 2 1 10 0 1542 2
0 1542 2 1 8 0 1542 2
0 1542 2 1 6 0 1542 2
0 1542 2 1 6 0 1542 2
0 1542 2 1 6 0 1542 2
0 1542 2 1 7 0 1542 2
0 1542 2 1 7 0 1542 2
-1
3 7
6 1531 1 1 1 6 1531 1
6 1531 1 1 3 6 1531 1
6 1531 1 1 3 6 1531 1
6 1531 1 1 2 6 1531 1
6 1531 1 1 4 6 1531 1
6 1310 752 1 4 6 1310 752
6 1357 788 2 3 6 1222 694 1 0 135 94
-1
4 12
0 2086 2 1 10 0 2086 2
0 2086 2 1 8 0 2086 2
0 2086 2 1 8 0 2086 2
0 2086 2 1 6 0 2086 2
0 2086 2 1 7 0 2086 2
0 2086 2 1 9 0 2086 2
0 2086 2 1 9 0 2086 2
0 2086 2 1 9 0 2086 2
0 2086 2 1 9 0 2086 2
0 1634 2048 3 8 0 748 712 7 0 734 650 9 0 152 686
0 605 805 1 6 0 605 805
0 284 850 2 10 0 284 600 9 0 0 250
-1
5 6
0 2206 1 1 1 0 2206 1
0 2206 1 1 1 0 2206 1
0 2206 1 1 2 0 2206 1
0 2206 1 1 2 0 2206 1
0 2206 1 1 2 0 2206 1
0 1340 2066 3 5 0 1107 559 2 0 233 928 1 0 0 579
-1
