1 45
0 3354 2 1 21 0 3354 2
0 3354 2 1 483 0 3354 2
0 3354 2 1 344 0 3354 2
0 3354 2 1 491 0 3354 2
0 3354 2 1 378 0 3354 2
0 3354 2 1 528 0 3354 2
0 3354 2 1 409 0 3354 2
0 3354 2 1 178 0 3354 2
0 3354 2 1 191 0 3354 2
0 3354 2 1 309 0 3354 2
0 3354 2 1 195 0 3354 2
0 3354 2 1 462 0 3354 2
0 3354 2 1 497 0 3354 2
0 3354 2 1 289 0 3354 2
0 3354 2 1 246 0 3354 2
0 3354 2 1 272 0 3354 2
0 3354 2 1 295 0 3354 2
0 3354 2 1 526 0 3354 2
0 3354 2 1 487 0 3354 2
0 3354 2 1 597 0 3354 2
0 3354 2 1 538 0 3354 2
0 3354 2 1 23 0 3354 2
0 3354 2 1 151 0 3354 2
0 3354 2 1 480 0 3354 2
0 3354 2 1 229 0 3354 2
0 3354 2 1 160 0 3354 2
0 3354 2 1 569 0 3354 2
0 3354 2 1 447 0 3354 2
0 3354 2 1 429 0 3354 2
0 3354 2 1 352 0 3354 2
0 3354 2 1 486 0 3354 2
0 3354 2 1 304 0 3354 2
0 3354 2 1 227 0 3354 2
0 3354 2 1 292 0 3354 2
0 3354 2 1 36 0 3354 2
0 3354 2 1 186 0 3354 2
0 3354 2 1 183 0 3354 2
0 3354 2 1 167 0 3354 2
0 3354 2 1 200 0 3354 2
0 3354 2 1 460 0 3354 2
0 3354 2 1 514 0 3354 2
0 3354 2 1 511 0 3354 2
0 3354 2 1 387 0 3354 2
0 3354 2 1 294 0 3354 2
0 3073 963 2 177 0 1637 503 275 0 1436 460
-1
2 48
0 3083 0 1 688 0 3083 0
0 3083 0 1 722 0 3083 0
0 3083 0 1 1118 0 3083 0
0 3083 0 1 1047 0 3083 0
0 3083 0 1 817 0 3083 0
0 3083 0 1 881 0 3083 0
0 3083 0 1 666 0 3083 0
0 3083 0 1 805 0 3083 0
0 3083 0 1 933 0 3083 0
0 3083 0 1 672 0 3083 0
0 3083 0 1 690 0 3083 0
0 3083 0 1 708 0 3083 0
0 3083 0 1 971 0 3083 0
0 3083 0 1 712 0 3083 0
0 3083 0 1 859 0 3083 0
0 3083 0 1 641 0 3083 0
0 3083 0 1 1021 0 3083 0
0 3083 0 1 864 0 3083 0
0 3083 0 1 671 0 3083 0
0 3083 0 1 889 0 3083 0
0 3083 0 1 1160 0 3083 0
0 3083 0 1 796 0 3083 0
0 3083 0 1 746 0 3083 0
0 3083 0 1 852 0 3083 0
0 3083 0 1 707 0 3083 0
0 3083 0 1 921 0 3083 0
0 3083 0 1 863 0 3083 0
0 3083 0 1 863 0 3083 0
0 3083 0 1 961 0 3083 0
0 3083 0 1 619 0 3083 0
0 3083 0 1 1044 0 3083 0
0 3083 0 1 878 0 3083 0
0 3083 0 1 682 0 3083 0
0 3083 0 1 756 0 3083 0
0 3083 0 1 867 0 3083 0
0 3083 0 1 771 0 3083 0
0 3083 0 1 979 0 3083 0
0 3083 0 1 944 0 3083 0
0 3083 0 1 740 0 3083 0
0 3083 0 1 1084 0 3083 0
0 3083 0 1 844 0 3083 0
0 3083 0 1 1031 0 3083 0
0 3083 0 1 853 0 3083 0
0 3083 0 1 978 0 3083 0
0 3083 0 1 819 0 3083 0
0 3083 0 1 643 0 3083 0
0 3083 0 1 636 0 3083 0
0 2295 2541 3 1101 0 1410 885 989 0 701 923 1064 0 184 733
-1
3 48
0 3760 1 1 56 0 3760 1
0 3760 1 1 67 0 3760 1
0 3760 1 1 44 0 3760 1
0 3760 1 1 451 0 3760 1
0 3760 1 1 118 0 3760 1
0 3760 1 1 185 0 3760 1
0 3760 1 1 336 0 3760 1
0 3760 1 1 336 0 3760 1
0 3760 1 1 206 0 3760 1
0 3760 1 1 554 0 3760 1
0 3760 1 1 501 0 3760 1
0 3760 1 1 123 0 3760 1
0 3760 1 1 73 0 3760 1
0 3760 1 1 108 0 3760 1
0 3760 1 1 46 0 3760 1
0 3760 1 1 208 0 3760 1
0 3760 1 1 190 0 3760 1
0 3760 1 1 545 0 3760 1
0 3760 1 1 193 0 3760 1
0 3760 1 1 66 0 3760 1
0 3760 1 1 137 0 3760 1
0 3760 1 1 163 0 3760 1
0 3760 1 1 440 0 3760 1
0 3760 1 1 181 0 3760 1
0 3760 1 1 508 0 3760 1
0 3760 1 1 508 0 3760 1
0 3760 1 1 236 0 3760 1
0 3760 1 1 346 0 3760 1
0 3760 1 1 489 0 3760 1
0 3760 1 1 444 0 3760 1
0 3760 1 1 72 0 3760 1
0 3760 1 1 55 0 3760 1
0 3760 1 1 234 0 3760 1
0 3760 1 1 517 0 3760 1
0 3760 1 1 360 0 3760 1
0 3760 1 1 370 0 3760 1
0 3760 1 1 524 0 3760 1
0 3760 1 1 308 0 3760 1
0 3760 1 1 291 0 3760 1
0 3760 1 1 148 0 3760 1
0 3760 1 1 179 0 3760 1
0 3760 1 1 201 0 3760 1
0 3760 1 1 230 0 3760 1
0 3760 1 1 574 0 3760 1
0 3760 1 1 371 0 3760 1
0 3760 1 1 460 0 3760 1
0 3760 1 1 53 0 3760 1
0 2270 1871 2 31 0 1671 893 299 0 599 978
-1
4 49
0 2169 2 1 698 0 2169 2
0 2169 2 1 1164 0 2169 2
0 2169 2 1 950 0 2169 2
0 2169 2 1 610 0 2169 2
0 2169 2 1 1057 0 2169 2
0 2169 2 1 1057 0 2169 2
0 2169 2 1 1144 0 2169 2
0 2169 2 1 1153 0 2169 2
0 2169 2 1 877 0 2169 2
0 2169 2 1 1048 0 2169 2
0 2169 2 1 997 0 2169 2
0 2169 2 1 806 0 2169 2
0 2169 2 1 703 0 2169 2
0 2169 2 1 1131 0 2169 2
0 2169 2 1 708 0 2169 2
0 2169 2 1 712 0 2169 2
0 2169 2 1 797 0 2169 2
0 2169 2 1 645 0 2169 2
0 2169 2 1 674 0 2169 2
0 2169 2 1 692 0 2169 2
0 2169 2 1 1146 0 2169 2
0 2169 2 1 1148 0 2169 2
0 2169 2 1 795 0 2169 2
0 2169 2 1 843 0 2169 2
0 2169 2 1 1179 0 2169 2
0 2169 2 1 1013 0 2169 2
0 2169 2 1 761 0 2169 2
0 2169 2 1 1133 0 2169 2
0 2169 2 1 682 0 2169 2
0 2169 2 1 1033 0 2169 2
0 2169 2 1 1033 0 2169 2
0 2169 2 1 1116 0 2169 2
0 2169 2 1 988 0 2169 2
0 2169 2 1 991 0 2169 2
0 2169 2 1 790 0 2169 2
0 2169 2 1 747 0 2169 2
0 2169 2 1 809 0 2169 2
0 2169 2 1 1119 0 2169 2
0 2169 2 1 842 0 2169 2
0 2169 2 1 1180 0 2169 2
0 2169 2 1 954 0 2169 2
0 2169 2 1 1192 0 2169 2
0 2169 2 1 975 0 2169 2
0 2169 2 1 1188 0 2169 2
0 2169 2 1 1031 0 2169 2
0 2169 2 1 664 0 2169 2
0 2169 2 1 851 0 2169 2
0 1922 847 2 1047 0 1906 847 966 0 16 0
0 294 950 1 904 0 294 950
-1
5 47
0 2659 1 1 299 0 2659 1
0 2659 1 1 593 0 2659 1
0 2659 1 1 9 0 2659 1
0 2659 1 1 49 0 2659 1
0 2659 1 1 543 0 2659 1
0 2659 1 1 559 0 2659 1
0 2659 1 1 297 0 2659 1
0 2659 1 1 369 0 2659 1
0 2659 1 1 42 0 2659 1
0 2659 1 1 530 0 2659 1
0 2659 1 1 107 0 2659 1
0 2659 1 1 280 0 2659 1
0 2659 1 1 497 0 2659 1
0 2659 1 1 105 0 2659 1
0 2659 1 1 215 0 2659 1
0 2659 1 1 74 0 2659 1
0 2659 1 1 353 0 2659 1
0 2659 1 1 428 0 2659 1
0 2659 1 1 418 0 2659 1
0 2659 1 1 537 0 2659 1
0 2659 1 1 28 0 2659 1
0 2659 1 1 131 0 2659 1
0 2659 1 1 125 0 2659 1
0 2659 1 1 283 0 2659 1
0 2659 1 1 283 0 2659 1
0 2659 1 1 120 0 2659 1
0 2659 1 1 241 0 2659 1
0 2659 1 1 274 0 2659 1
0 2659 1 1 307 0 2659 1
0 2659 1 1 101 0 2659 1
0 2659 1 1 229 0 2659 1
0 2659 1 1 160 0 2659 1
0 2659 1 1 509 0 2659 1
0 2659 1 1 149 0 2659 1
0 2659 1 1 312 0 2659 1
0 2659 1 1 566 0 2659 1
0 2659 1 1 29 0 2659 1
0 2659 1 1 211 0 2659 1
0 2659 1 1 205 0 2659 1
0 2659 1 1 311 0 2659 1
0 2659 1 1 426 0 2659 1
0 2659 1 1 128 0 2659 1
0 2659 1 1 415 0 2659 1
0 2659 1 1 535 0 2659 1
0 2659 1 1 50 0 2659 1
0 2659 1 1 200 0 2659 1
0 2415 835 2 383 0 1807 833 593 0 608 2
-1
6 48
0 3192 1 1 904 0 3192 1
0 3192 1 1 1087 0 3192 1
0 3192 1 1 689 0 3192 1
0 3192 1 1 1157 0 3192 1
0 3192 1 1 1055 0 3192 1
0 3192 1 1 1098 0 3192 1
0 3192 1 1 794 0 3192 1
0 3192 1 1 898 0 3192 1
0 3192 1 1 1196 0 3192 1
0 3192 1 1 703 0 3192 1
0 3192 1 1 736 0 3192 1
0 3192 1 1 967 0 3192 1
0 3192 1 1 856 0 3192 1
0 3192 1 1 994 0 3192 1
0 3192 1 1 1126 0 3192 1
0 3192 1 1 948 0 3192 1
0 3192 1 1 841 0 3192 1
0 3192 1 1 906 0 3192 1
0 3192 1 1 1091 0 3192 1
0 3192 1 1 902 0 3192 1
0 3192 1 1 953 0 3192 1
0 3192 1 1 1175 0 3192 1
0 3192 1 1 1120 0 3192 1
0 3192 1 1 1081 0 3192 1
0 3192 1 1 640 0 3192 1
0 3192 1 1 914 0 3192 1
0 3192 1 1 685 0 3192 1
0 3192 1 1 830 0 3192 1
0 3192 1 1 792 0 3192 1
0 3192 1 1 1037 0 3192 1
0 3192 1 1 968 0 3192 1
0 3192 1 1 618 0 3192 1
0 3192 1 1 711 0 3192 1
0 3192 1 1 784 0 3192 1
0 3192 1 1 1090 0 3192 1
0 3192 1 1 1110 0 3192 1
0 3192 1 1 1192 0 3192 1
0 3192 1 1 766 0 3192 1
0 3192 1 1 995 0 3192 1
0 3192 1 1 1140 0 3192 1
0 3192 1 1 1019 0 3192 1
0 3192 1 1 816 0 3192 1
0 3192 1 1 816 0 3192 1
0 3192 1 1 894 0 3192 1
0 3192 1 1 866 0 3192 1
0 3192 1 1 1166 0 3192 1
0 3192 1 1 611 0 3192 1
0 1551 1354 2 654 0 1410 811 903 0 141 543
-1
7 46
0 3076 1 1 495 0 3076 1
0 3076 1 1 420 0 3076 1
0 3076 1 1 416 0 3076 1
0 3076 1 1 576 0 3076 1
0 3076 1 1 581 0 3076 1
0 3076 1 1 491 0 3076 1
0 3076 1 1 363 0 3076 1
0 3076 1 1 423 0 3076 1
0 3076 1 1 102 0 3076 1
0 3076 1 1 530 0 3076 1
0 3076 1 1 268 0 3076 1
0 3076 1 1 367 0 3076 1
0 3076 1 1 432 0 3076 1
0 3076 1 1 413 0 3076 1
0 3076 1 1 105 0 3076 1
0 3076 1 1 398 0 3076 1
0 3076 1 1 165 0 3076 1
0 3076 1 1 449 0 3076 1
0 3076 1 1 267 0 3076 1
0 3076 1 1 506 0 3076 1
0 3076 1 1 214 0 3076 1
0 3076 1 1 153 0 3076 1
0 3076 1 1 187 0 3076 1
0 3076 1 1 141 0 3076 1
0 3076 1 1 364 0 3076 1
0 3076 1 1 364 0 3076 1
0 3076 1 1 479 0 3076 1
0 3076 1 1 1 0 3076 1
0 3076 1 1 59 0 3076 1
0 3076 1 1 152 0 3076 1
0 3076 1 1 213 0 3076 1
0 3076 1 1 302 0 3076 1
0 3076 1 1 148 0 3076 1
0 3076 1 1 85 0 3076 1
0 3076 1 1 238 0 3076 1
0 3076 1 1 97 0 3076 1
0 3076 1 1 106 0 3076 1
0 3076 1 1 284 0 3076 1
0 3076 1 1 485 0 3076 1
0 3076 1 1 496 0 3076 1
0 3076 1 1 385 0 3076 1
0 3076 1 1 424 0 3076 1
0 3076 1 1 180 0 3076 1
0 3076 1 1 281 0 3076 1
0 3076 1 1 47 0 3076 1
0 2819 880 2 58 0 1760 879 2 0 1059 1
-1
8 47
0 2652 2 1 904 0 2652 2
0 2652 2 1 764 0 2652 2
0 2652 2 1 1047 0 2652 2
0 2652 2 1 831 0 2652 2
0 2652 2 1 743 0 2652 2
0 2652 2 1 888 0 2652 2
0 2652 2 1 997 0 2652 2
0 2652 2 1 1115 0 2652 2
0 2652 2 1 1173 0 2652 2
0 2652 2 1 724 0 2652 2
0 2652 2 1 736 0 2652 2
0 2652 2 1 971 0 2652 2
0 2652 2 1 922 0 2652 2
0 2652 2 1 670 0 2652 2
0 2652 2 1 613 0 2652 2
0 2652 2 1 623 0 2652 2
0 2652 2 1 947 0 2652 2
0 2652 2 1 751 0 2652 2
0 2652 2 1 745 0 2652 2
0 2652 2 1 949 0 2652 2
0 2652 2 1 663 0 2652 2
0 2652 2 1 1121 0 2652 2
0 2652 2 1 633 0 2652 2
0 2652 2 1 1013 0 2652 2
0 2652 2 1 1122 0 2652 2
0 2652 2 1 640 0 2652 2
0 2652 2 1 879 0 2652 2
0 2652 2 1 761 0 2652 2
0 2652 2 1 731 0 2652 2
0 2652 2 1 646 0 2652 2
0 2652 2 1 1069 0 2652 2
0 2652 2 1 868 0 2652 2
0 2652 2 1 827 0 2652 2
0 2652 2 1 1107 0 2652 2
0 2652 2 1 758 0 2652 2
0 2652 2 1 642 0 2652 2
0 2652 2 1 756 0 2652 2
0 2652 2 1 1059 0 2652 2
0 2652 2 1 919 0 2652 2
0 2652 2 1 833 0 2652 2
0 2652 2 1 733 0 2652 2
0 2652 2 1 644 0 2652 2
0 2652 2 1 1188 0 2652 2
0 2652 2 1 1065 0 2652 2
0 2652 2 1 1066 0 2652 2
0 2652 2 1 1076 0 2652 2
0 2448 700 2 975 0 2008 699 724 0 440 1
-1
9 46
0 2775 1 1 255 0 2775 1
0 2775 1 1 472 0 2775 1
0 2775 1 1 252 0 2775 1
0 2775 1 1 275 0 2775 1
0 2775 1 1 543 0 2775 1
0 2775 1 1 543 0 2775 1
0 2775 1 1 504 0 2775 1
0 2775 1 1 411 0 2775 1
0 2775 1 1 206 0 2775 1
0 2775 1 1 476 0 2775 1
0 2775 1 1 425 0 2775 1
0 2775 1 1 343 0 2775 1
0 2775 1 1 195 0 2775 1
0 2775 1 1 17 0 2775 1
0 2775 1 1 173 0 2775 1
0 2775 1 1 406 0 2775 1
0 2775 1 1 91 0 2775 1
0 2775 1 1 505 0 2775 1
0 2775 1 1 241 0 2775 1
0 2775 1 1 4 0 2775 1
0 2775 1 1 151 0 2775 1
0 2775 1 1 101 0 2775 1
0 2775 1 1 38 0 2775 1
0 2775 1 1 150 0 2775 1
0 2775 1 1 187 0 2775 1
0 2775 1 1 250 0 2775 1
0 2775 1 1 509 0 2775 1
0 2775 1 1 380 0 2775 1
0 2775 1 1 279 0 2775 1
0 2775 1 1 80 0 2775 1
0 2775 1 1 20 0 2775 1
0 2775 1 1 435 0 2775 1
0 2775 1 1 448 0 2775 1
0 2775 1 1 287 0 2775 1
0 2775 1 1 26 0 2775 1
0 2775 1 1 516 0 2775 1
0 2775 1 1 41 0 2775 1
0 2775 1 1 443 0 2775 1
0 2775 1 1 436 0 2775 1
0 2775 1 1 68 0 2775 1
0 2775 1 1 248 0 2775 1
0 2775 1 1 57 0 2775 1
0 2775 1 1 288 0 2775 1
0 2775 1 1 386 0 2775 1
0 2775 1 1 453 0 2775 1
0 2528 846 2 222 0 1918 844 513 0 610 2
-1
10 49
0 3229 0 1 810 0 3229 0
0 3229 0 1 688 0 3229 0
0 3229 0 1 974 0 3229 0
0 3229 0 1 630 0 3229 0
0 3229 0 1 982 0 3229 0
0 3229 0 1 1079 0 3229 0
0 3229 0 1 885 0 3229 0
0 3229 0 1 940 0 3229 0
0 3229 0 1 888 0 3229 0
0 3229 0 1 933 0 3229 0
0 3229 0 1 869 0 3229 0
0 3229 0 1 821 0 3229 0
0 3229 0 1 609 0 3229 0
0 3229 0 1 1131 0 3229 0
0 3229 0 1 783 0 3229 0
0 3229 0 1 659 0 3229 0
0 3229 0 1 839 0 3229 0
0 3229 0 1 832 0 3229 0
0 3229 0 1 755 0 3229 0
0 3229 0 1 800 0 3229 0
0 3229 0 1 1176 0 3229 0
0 3229 0 1 1036 0 3229 0
0 3229 0 1 914 0 3229 0
0 3229 0 1 981 0 3229 0
0 3229 0 1 1041 0 3229 0
0 3229 0 1 667 0 3229 0
0 3229 0 1 829 0 3229 0
0 3229 0 1 942 0 3229 0
0 3229 0 1 955 0 3229 0
0 3229 0 1 964 0 3229 0
0 3229 0 1 1060 0 3229 0
0 3229 0 1 788 0 3229 0
0 3229 0 1 652 0 3229 0
0 3229 0 1 860 0 3229 0
0 3229 0 1 1127 0 3229 0
0 3229 0 1 1040 0 3229 0
0 3229 0 1 718 0 3229 0
0 3229 0 1 718 0 3229 0
0 3229 0 1 1001 0 3229 0
0 3229 0 1 833 0 3229 0
0 3229 0 1 1077 0 3229 0
0 3229 0 1 1090 0 3229 0
0 3229 0 1 907 0 3229 0
0 3229 0 1 1019 0 3229 0
0 3229 0 1 664 0 3229 0
0 3229 0 1 825 0 3229 0
0 3229 0 1 895 0 3229 0
0 2952 947 2 690 0 1820 947 1043 0 1132 0
0 692 1502 2 689 0 576 679 735 0 116 823
-1
11 48
0 3210 1 1 527 0 3210 1
0 3210 1 1 410 0 3210 1
0 3210 1 1 472 0 3210 1
0 3210 1 1 300 0 3210 1
0 3210 1 1 469 0 3210 1
0 3210 1 1 244 0 3210 1
0 3210 1 1 351 0 3210 1
0 3210 1 1 504 0 3210 1
0 3210 1 1 473 0 3210 1
0 3210 1 1 221 0 3210 1
0 3210 1 1 204 0 3210 1
0 3210 1 1 62 0 3210 1
0 3210 1 1 432 0 3210 1
0 3210 1 1 226 0 3210 1
0 3210 1 1 8 0 3210 1
0 3210 1 1 398 0 3210 1
0 3210 1 1 171 0 3210 1
0 3210 1 1 253 0 3210 1
0 3210 1 1 600 0 3210 1
0 3210 1 1 173 0 3210 1
0 3210 1 1 361 0 3210 1
0 3210 1 1 290 0 3210 1
0 3210 1 1 125 0 3210 1
0 3210 1 1 14 0 3210 1
0 3210 1 1 444 0 3210 1
0 3210 1 1 7 0 3210 1
0 3210 1 1 69 0 3210 1
0 3210 1 1 141 0 3210 1
0 3210 1 1 234 0 3210 1
0 3210 1 1 149 0 3210 1
0 3210 1 1 394 0 3210 1
0 3210 1 1 414 0 3210 1
0 3210 1 1 463 0 3210 1
0 3210 1 1 207 0 3210 1
0 3210 1 1 435 0 3210 1
0 3210 1 1 29 0 3210 1
0 3210 1 1 240 0 3210 1
0 3210 1 1 443 0 3210 1
0 3210 1 1 396 0 3210 1
0 3210 1 1 419 0 3210 1
0 3210 1 1 68 0 3210 1
0 3210 1 1 230 0 3210 1
0 3210 1 1 552 0 3210 1
0 3210 1 1 540 0 3210 1
0 3210 1 1 84 0 3210 1
0 3210 1 1 84 0 3210 1
0 3039 585 2 430 0 1966 583 327 0 1073 2
0 198 819 1 44 0 198 819
-1
12 49
0 3638 2 1 1101 0 3638 2
0 3638 2 1 959 0 3638 2
0 3638 2 1 1072 0 3638 2
0 3638 2 1 654 0 3638 2
0 3638 2 1 918 0 3638 2
0 3638 2 1 818 0 3638 2
0 3638 2 1 778 0 3638 2
0 3638 2 1 837 0 3638 2
0 3638 2 1 837 0 3638 2
0 3638 2 1 885 0 3638 2
0 3638 2 1 620 0 3638 2
0 3638 2 1 1014 0 3638 2
0 3638 2 1 690 0 3638 2
0 3638 2 1 855 0 3638 2
0 3638 2 1 1173 0 3638 2
0 3638 2 1 1174 0 3638 2
0 3638 2 1 647 0 3638 2
0 3638 2 1 1112 0 3638 2
0 3638 2 1 1195 0 3638 2
0 3638 2 1 930 0 3638 2
0 3638 2 1 1054 0 3638 2
0 3638 2 1 797 0 3638 2
0 3638 2 1 645 0 3638 2
0 3638 2 1 902 0 3638 2
0 3638 2 1 889 0 3638 2
0 3638 2 1 760 0 3638 2
0 3638 2 1 1143 0 3638 2
0 3638 2 1 935 0 3638 2
0 3638 2 1 1012 0 3638 2
0 3638 2 1 656 0 3638 2
0 3638 2 1 632 0 3638 2
0 3638 2 1 1141 0 3638 2
0 3638 2 1 1107 0 3638 2
0 3638 2 1 615 0 3638 2
0 3638 2 1 758 0 3638 2
0 3638 2 1 1039 0 3638 2
0 3638 2 1 784 0 3638 2
0 3638 2 1 1139 0 3638 2
0 3638 2 1 938 0 3638 2
0 3638 2 1 1077 0 3638 2
0 3638 2 1 1168 0 3638 2
0 3638 2 1 1051 0 3638 2
0 3638 2 1 939 0 3638 2
0 3638 2 1 699 0 3638 2
0 3638 2 1 1027 0 3638 2
0 3638 2 1 1076 0 3638 2
0 3638 2 1 1082 0 3638 2
0 3638 2 1 1105 0 3638 2
0 3489 511 2 646 0 1965 511 967 0 1524 0
-1
13 48
0 3192 1 1 593 0 3192 1
0 3192 1 1 557 0 3192 1
0 3192 1 1 196 0 3192 1
0 3192 1 1 31 0 3192 1
0 3192 1 1 31 0 3192 1
0 3192 1 1 118 0 3192 1
0 3192 1 1 493 0 3192 1
0 3192 1 1 339 0 3192 1
0 3192 1 1 512 0 3192 1
0 3192 1 1 437 0 3192 1
0 3192 1 1 277 0 3192 1
0 3192 1 1 191 0 3192 1
0 3192 1 1 413 0 3192 1
0 3192 1 1 289 0 3192 1
0 3192 1 1 532 0 3192 1
0 3192 1 1 539 0 3192 1
0 3192 1 1 132 0 3192 1
0 3192 1 1 218 0 3192 1
0 3192 1 1 544 0 3192 1
0 3192 1 1 225 0 3192 1
0 3192 1 1 124 0 3192 1
0 3192 1 1 335 0 3192 1
0 3192 1 1 362 0 3192 1
0 3192 1 1 406 0 3192 1
0 3192 1 1 372 0 3192 1
0 3192 1 1 505 0 3192 1
0 3192 1 1 597 0 3192 1
0 3192 1 1 120 0 3192 1
0 3192 1 1 358 0 3192 1
0 3192 1 1 571 0 3192 1
0 3192 1 1 117 0 3192 1
0 3192 1 1 489 0 3192 1
0 3192 1 1 51 0 3192 1
0 3192 1 1 270 0 3192 1
0 3192 1 1 10 0 3192 1
0 3192 1 1 223 0 3192 1
0 3192 1 1 314 0 3192 1
0 3192 1 1 492 0 3192 1
0 3192 1 1 467 0 3192 1
0 3192 1 1 468 0 3192 1
0 3192 1 1 285 0 3192 1
0 3192 1 1 535 0 3192 1
0 3192 1 1 386 0 3192 1
0 3192 1 1 319 0 3192 1
0 3192 1 1 34 0 3192 1
0 3192 1 1 591 0 3192 1
0 3192 1 1 294 0 3192 1
0 2935 880 2 497 0 1934 880 473 0 1001 0
-1
14 49
0 2466 3 1 904 0 2466 3
0 2466 3 1 835 0 2466 3
0 2466 3 1 698 0 2466 3
0 2466 3 1 1055 0 2466 3
0 2466 3 1 934 0 2466 3
0 2466 3 1 950 0 2466 3
0 2466 3 1 1144 0 2466 3
0 2466 3 1 1142 0 2466 3
0 2466 3 1 786 0 2466 3
0 2466 3 1 786 0 2466 3
0 2466 3 1 708 0 2466 3
0 2466 3 1 783 0 2466 3
0 2466 3 1 686 0 2466 3
0 2466 3 1 686 0 2466 3
0 2466 3 1 1137 0 2466 3
0 2466 3 1 659 0 2466 3
0 2466 3 1 906 0 2466 3
0 2466 3 1 1004 0 2466 3
0 2466 3 1 753 0 2466 3
0 2466 3 1 745 0 2466 3
0 2466 3 1 780 0 2466 3
0 2466 3 1 1146 0 2466 3
0 2466 3 1 1176 0 2466 3
0 2466 3 1 953 0 2466 3
0 2466 3 1 1175 0 2466 3
0 2466 3 1 738 0 2466 3
0 2466 3 1 843 0 2466 3
0 2466 3 1 679 0 2466 3
0 2466 3 1 1081 0 2466 3
0 2466 3 1 1070 0 2466 3
0 2466 3 1 1122 0 2466 3
0 2466 3 1 779 0 2466 3
0 2466 3 1 656 0 2466 3
0 2466 3 1 958 0 2466 3
0 2466 3 1 845 0 2466 3
0 2466 3 1 637 0 2466 3
0 2466 3 1 878 0 2466 3
0 2466 3 1 682 0 2466 3
0 2466 3 1 890 0 2466 3
0 2466 3 1 748 0 2466 3
0 2466 3 1 747 0 2466 3
0 2466 3 1 1197 0 2466 3
0 2466 3 1 1172 0 2466 3
0 2466 3 1 678 0 2466 3
0 2466 3 1 1007 0 2466 3
0 2466 3 1 1128 0 2466 3
0 2466 3 1 924 0 2466 3
0 2466 3 1 1177 0 2466 3
0 2287 615 2 1143 0 1906 614 693 0 381 1
-1
15 46
0 3277 1 1 255 0 3277 1
0 3277 1 1 548 0 3277 1
0 3277 1 1 58 0 3277 1
0 3277 1 1 425 0 3277 1
0 3277 1 1 92 0 3277 1
0 3277 1 1 403 0 3277 1
0 3277 1 1 345 0 3277 1
0 3277 1 1 502 0 3277 1
0 3277 1 1 264 0 3277 1
0 3277 1 1 452 0 3277 1
0 3277 1 1 462 0 3277 1
0 3277 1 1 88 0 3277 1
0 3277 1 1 138 0 3277 1
0 3277 1 1 507 0 3277 1
0 3277 1 1 470 0 3277 1
0 3277 1 1 70 0 3277 1
0 3277 1 1 266 0 3277 1
0 3277 1 1 215 0 3277 1
0 3277 1 1 165 0 3277 1
0 3277 1 1 381 0 3277 1
0 3277 1 1 18 0 3277 1
0 3277 1 1 428 0 3277 1
0 3277 1 1 116 0 3277 1
0 3277 1 1 405 0 3277 1
0 3277 1 1 282 0 3277 1
0 3277 1 1 75 0 3277 1
0 3277 1 1 23 0 3277 1
0 3277 1 1 521 0 3277 1
0 3277 1 1 577 0 3277 1
0 3277 1 1 30 0 3277 1
0 3277 1 1 380 0 3277 1
0 3277 1 1 564 0 3277 1
0 3277 1 1 492 0 3277 1
0 3277 1 1 486 0 3277 1
0 3277 1 1 186 0 3277 1
0 3277 1 1 368 0 3277 1
0 3277 1 1 106 0 3277 1
0 3277 1 1 183 0 3277 1
0 3277 1 1 284 0 3277 1
0 3277 1 1 456 0 3277 1
0 3277 1 1 575 0 3277 1
0 3277 1 1 249 0 3277 1
0 3277 1 1 288 0 3277 1
0 3277 1 1 587 0 3277 1
0 3277 1 1 387 0 3277 1
0 3013 903 2 144 0 1920 901 129 0 1093 2
-1
16 48
0 2953 2 1 838 0 2953 2
0 2953 2 1 1101 0 2953 2
0 2953 2 1 606 0 2953 2
0 2953 2 1 982 0 2953 2
0 2953 2 1 818 0 2953 2
0 2953 2 1 1094 0 2953 2
0 2953 2 1 888 0 2953 2
0 2953 2 1 1086 0 2953 2
0 2953 2 1 798 0 2953 2
0 2953 2 1 1050 0 2953 2
0 2953 2 1 857 0 2953 2
0 2953 2 1 806 0 2953 2
0 2953 2 1 1093 0 2953 2
0 2953 2 1 683 0 2953 2
0 2953 2 1 994 0 2953 2
0 2953 2 1 922 0 2953 2
0 2953 2 1 782 0 2953 2
0 2953 2 1 839 0 2953 2
0 2953 2 1 1130 0 2953 2
0 2953 2 1 728 0 2953 2
0 2953 2 1 741 0 2953 2
0 2953 2 1 796 0 2953 2
0 2953 2 1 1121 0 2953 2
0 2953 2 1 852 0 2953 2
0 2953 2 1 920 0 2953 2
0 2953 2 1 921 0 2953 2
0 2953 2 1 1133 0 2953 2
0 2953 2 1 1113 0 2953 2
0 2953 2 1 1113 0 2953 2
0 2953 2 1 901 0 2953 2
0 2953 2 1 1193 0 2953 2
0 2953 2 1 1044 0 2953 2
0 2953 2 1 697 0 2953 2
0 2953 2 1 789 0 2953 2
0 2953 2 1 1020 0 2953 2
0 2953 2 1 1020 0 2953 2
0 2953 2 1 871 0 2953 2
0 2953 2 1 1135 0 2953 2
0 2953 2 1 1154 0 2953 2
0 2953 2 1 1096 0 2953 2
0 2953 2 1 1110 0 2953 2
0 2953 2 1 887 0 2953 2
0 2953 2 1 678 0 2953 2
0 2953 2 1 1166 0 2953 2
0 2953 2 1 924 0 2953 2
0 2953 2 1 1177 0 2953 2
0 2953 2 1 1080 0 2953 2
0 2697 877 2 725 0 1835 877 609 0 862 0
-1
17 48
0 2412 0 1 359 0 2412 0
0 2412 0 1 255 0 2412 0
0 2412 0 1 327 0 2412 0
0 2412 0 1 327 0 2412 0
0 2412 0 1 9 0 2412 0
0 2412 0 1 576 0 2412 0
0 2412 0 1 476 0 2412 0
0 2412 0 1 554 0 2412 0
0 2412 0 1 102 0 2412 0
0 2412 0 1 199 0 2412 0
0 2412 0 1 221 0 2412 0
0 2412 0 1 339 0 2412 0
0 2412 0 1 530 0 2412 0
0 2412 0 1 341 0 2412 0
0 2412 0 1 40 0 2412 0
0 2412 0 1 500 0 2412 0
0 2412 0 1 74 0 2412 0
0 2412 0 1 600 0 2412 0
0 2412 0 1 573 0 2412 0
0 2412 0 1 487 0 2412 0
0 2412 0 1 537 0 2412 0
0 2412 0 1 599 0 2412 0
0 2412 0 1 28 0 2412 0
0 2412 0 1 550 0 2412 0
0 2412 0 1 163 0 2412 0
0 2412 0 1 130 0 2412 0
0 2412 0 1 130 0 2412 0
0 2412 0 1 571 0 2412 0
0 2412 0 1 529 0 2412 0
0 2412 0 1 30 0 2412 0
0 2412 0 1 159 0 2412 0
0 2412 0 1 77 0 2412 0
0 2412 0 1 429 0 2412 0
0 2412 0 1 429 0 2412 0
0 2412 0 1 207 0 2412 0
0 2412 0 1 448 0 2412 0
0 2412 0 1 520 0 2412 0
0 2412 0 1 54 0 2412 0
0 2412 0 1 445 0 2412 0
0 2412 0 1 478 0 2412 0
0 2412 0 1 443 0 2412 0
0 2412 0 1 63 0 2412 0
0 2412 0 1 355 0 2412 0
0 2412 0 1 426 0 2412 0
0 2412 0 1 128 0 2412 0
0 2412 0 1 415 0 2412 0
0 2412 0 1 427 0 2412 0
0 2246 568 2 92 0 1826 566 44 0 420 2
-1
18 46
0 3730 0 1 835 0 3730 0
0 3730 0 1 1087 0 3730 0
0 3730 0 1 791 0 3730 0
0 3730 0 1 684 0 3730 0
0 3730 0 1 934 0 3730 0
0 3730 0 1 1099 0 3730 0
0 3730 0 1 693 0 3730 0
0 3730 0 1 1089 0 3730 0
0 3730 0 1 805 0 3730 0
0 3730 0 1 759 0 3730 0
0 3730 0 1 1071 0 3730 0
0 3730 0 1 1137 0 3730 0
0 3730 0 1 762 0 3730 0
0 3730 0 1 1091 0 3730 0
0 3730 0 1 628 0 3730 0
0 3730 0 1 738 0 3730 0
0 3730 0 1 976 0 3730 0
0 3730 0 1 983 0 3730 0
0 3730 0 1 858 0 3730 0
0 3730 0 1 1011 0 3730 0
0 3730 0 1 1194 0 3730 0
0 3730 0 1 629 0 3730 0
0 3730 0 1 667 0 3730 0
0 3730 0 1 701 0 3730 0
0 3730 0 1 1069 0 3730 0
0 3730 0 1 1136 0 3730 0
0 3730 0 1 985 0 3730 0
0 3730 0 1 850 0 3730 0
0 3730 0 1 774 0 3730 0
0 3730 0 1 871 0 3730 0
0 3730 0 1 1024 0 3730 0
0 3730 0 1 1024 0 3730 0
0 3730 0 1 1124 0 3730 0
0 3730 0 1 729 0 3730 0
0 3730 0 1 912 0 3730 0
0 3730 0 1 766 0 3730 0
0 3730 0 1 644 0 3730 0
0 3730 0 1 657 0 3730 0
0 3730 0 1 957 0 3730 0
0 3730 0 1 1030 0 3730 0
0 3730 0 1 977 0 3730 0
0 3730 0 1 853 0 3730 0
0 3730 0 1 1152 0 3730 0
0 3730 0 1 847 0 3730 0
0 3730 0 1 799 0 3730 0
0 2645 1496 2 818 0 1527 898 1178 0 1118 598
-1
19 47
0 2528 1 1 495 0 2528 1
0 2528 1 1 298 0 2528 1
0 2528 1 1 196 0 2528 1
0 2528 1 1 576 0 2528 1
0 2528 1 1 378 0 2528 1
0 2528 1 1 247 0 2528 1
0 2528 1 1 48 0 2528 1
0 2528 1 1 199 0 2528 1
0 2528 1 1 513 0 2528 1
0 2528 1 1 81 0 2528 1
0 2528 1 1 256 0 2528 1
0 2528 1 1 170 0 2528 1
0 2528 1 1 170 0 2528 1
0 2528 1 1 40 0 2528 1
0 2528 1 1 88 0 2528 1
0 2528 1 1 5 0 2528 1
0 2528 1 1 381 0 2528 1
0 2528 1 1 388 0 2528 1
0 2528 1 1 218 0 2528 1
0 2528 1 1 361 0 2528 1
0 2528 1 1 458 0 2528 1
0 2528 1 1 98 0 2528 1
0 2528 1 1 98 0 2528 1
0 2528 1 1 131 0 2528 1
0 2528 1 1 283 0 2528 1
0 2528 1 1 120 0 2528 1
0 2528 1 1 480 0 2528 1
0 2528 1 1 250 0 2528 1
0 2528 1 1 592 0 2528 1
0 2528 1 1 551 0 2528 1
0 2528 1 1 59 0 2528 1
0 2528 1 1 435 0 2528 1
0 2528 1 1 152 0 2528 1
0 2528 1 1 174 0 2528 1
0 2528 1 1 174 0 2528 1
0 2528 1 1 224 0 2528 1
0 2528 1 1 26 0 2528 1
0 2528 1 1 26 0 2528 1
0 2528 1 1 203 0 2528 1
0 2528 1 1 112 0 2528 1
0 2528 1 1 135 0 2528 1
0 2528 1 1 135 0 2528 1
0 2528 1 1 248 0 2528 1
0 2528 1 1 485 0 2528 1
0 2528 1 1 128 0 2528 1
0 2528 1 1 534 0 2528 1
0 2249 955 2 108 0 1954 955 493 0 295 0
-1
20 46
0 2012 0 1 1064 0 2012 0
0 2012 0 1 735 0 2012 0
0 2012 0 1 764 0 2012 0
0 2012 0 1 1010 0 2012 0
0 2012 0 1 805 0 2012 0
0 2012 0 1 743 0 2012 0
0 2012 0 1 1028 0 2012 0
0 2012 0 1 617 0 2012 0
0 2012 0 1 1067 0 2012 0
0 2012 0 1 683 0 2012 0
0 2012 0 1 737 0 2012 0
0 2012 0 1 808 0 2012 0
0 2012 0 1 906 0 2012 0
0 2012 0 1 1049 0 2012 0
0 2012 0 1 613 0 2012 0
0 2012 0 1 1021 0 2012 0
0 2012 0 1 671 0 2012 0
0 2012 0 1 949 0 2012 0
0 2012 0 1 951 0 2012 0
0 2012 0 1 1070 0 2012 0
0 2012 0 1 920 0 2012 0
0 2012 0 1 685 0 2012 0
0 2012 0 1 942 0 2012 0
0 2012 0 1 955 0 2012 0
0 2012 0 1 792 0 2012 0
0 2012 0 1 1016 0 2012 0
0 2012 0 1 868 0 2012 0
0 2011 4 1 1034 0 2011 4
0 2012 0 1 697 0 2012 0
0 2012 0 1 1127 0 2012 0
0 2012 0 1 1189 0 2012 0
0 2012 0 1 890 0 2012 0
0 2012 0 1 919 0 2012 0
0 2006 21 1 1133 0 2006 21
0 2012 0 1 733 0 2012 0
0 2012 0 1 1172 0 2012 0
0 2012 0 1 776 0 2012 0
0 2012 0 1 1065 0 2012 0
0 2012 0 1 1128 0 2012 0
0 2012 0 1 699 0 2012 0
0 2012 0 1 847 0 2012 0
0 2012 0 1 1082 0 2012 0
0 2012 0 1 799 0 2012 0
0 2012 0 1 990 0 2012 0
0 2012 0 1 990 0 2012 0
0 79 773 1 688 0 79 773
-1
21 45
0 2917 3 1 495 0 2917 3
0 2917 3 1 483 0 2917 3
0 2917 3 1 555 0 2917 3
0 2917 3 1 275 0 2917 3
0 2917 3 1 177 0 2917 3
0 2917 3 1 220 0 2917 3
0 2917 3 1 81 0 2917 3
0 2917 3 1 222 0 2917 3
0 2917 3 1 502 0 2917 3
0 2917 3 1 280 0 2917 3
0 2917 3 1 341 0 2917 3
0 2917 3 1 119 0 2917 3
0 2917 3 1 108 0 2917 3
0 2917 3 1 381 0 2917 3
0 2917 3 1 584 0 2917 3
0 2917 3 1 388 0 2917 3
0 2917 3 1 286 0 2917 3
0 2917 3 1 573 0 2917 3
0 2917 3 1 458 0 2917 3
0 2917 3 1 560 0 2917 3
0 2917 3 1 537 0 2917 3
0 2917 3 1 137 0 2917 3
0 2917 3 1 14 0 2917 3
0 2917 3 1 399 0 2917 3
0 2917 3 1 480 0 2917 3
0 2917 3 1 360 0 2917 3
0 2917 3 1 175 0 2917 3
0 2917 3 1 59 0 2917 3
0 2917 3 1 330 0 2917 3
0 2917 3 1 329 0 2917 3
0 2917 3 1 445 0 2917 3
0 2917 3 1 439 0 2917 3
0 2917 3 1 439 0 2917 3
0 2917 3 1 536 0 2917 3
0 2917 3 1 536 0 2917 3
0 2917 3 1 556 0 2917 3
0 2917 3 1 100 0 2917 3
0 2917 3 1 436 0 2917 3
0 2917 3 1 552 0 2917 3
0 2917 3 1 228 0 2917 3
0 2917 3 1 540 0 2917 3
0 2917 3 1 596 0 2917 3
0 2917 3 1 334 0 2917 3
0 2917 3 1 514 0 2917 3
0 2638 957 2 153 0 2127 955 133 0 511 2
-1
22 50
0 3370 2 1 807 0 3370 2
0 3370 2 1 959 0 3370 2
0 3370 2 1 1164 0 3370 2
0 3370 2 1 1187 0 3370 2
0 3370 2 1 1098 0 3370 2
0 3370 2 1 666 0 3370 2
0 3370 2 1 1153 0 3370 2
0 3370 2 1 877 0 3370 2
0 3370 2 1 898 0 3370 2
0 3370 2 1 709 0 3370 2
0 3370 2 1 793 0 3370 2
0 3370 2 1 672 0 3370 2
0 3370 2 1 1067 0 3370 2
0 3370 2 1 859 0 3370 2
0 3370 2 1 962 0 3370 2
0 3370 2 1 723 0 3370 2
0 3370 2 1 930 0 3370 2
0 3370 2 1 725 0 3370 2
0 3370 2 1 841 0 3370 2
0 3370 2 1 947 0 3370 2
0 3370 2 1 1062 0 3370 2
0 3370 2 1 728 0 3370 2
0 3370 2 1 742 0 3370 2
0 3370 2 1 870 0 3370 2
0 3370 2 1 872 0 3370 2
0 3370 2 1 1102 0 3370 2
0 3370 2 1 976 0 3370 2
0 3370 2 1 1035 0 3370 2
0 3370 2 1 943 0 3370 2
0 3370 2 1 1011 0 3370 2
0 3370 2 1 920 0 3370 2
0 3370 2 1 649 0 3370 2
0 3370 2 1 1060 0 3370 2
0 3370 2 1 868 0 3370 2
0 3370 2 1 769 0 3370 2
0 3370 2 1 860 0 3370 2
0 3370 2 1 804 0 3370 2
0 3370 2 1 938 0 3370 2
0 3370 2 1 890 0 3370 2
0 3370 2 1 648 0 3370 2
0 3370 2 1 1059 0 3370 2
0 3370 2 1 1182 0 3370 2
0 3370 2 1 1182 0 3370 2
0 3370 2 1 739 0 3370 2
0 3370 2 1 954 0 3370 2
0 3370 2 1 1106 0 3370 2
0 3370 2 1 834 0 3370 2
0 3370 2 1 887 0 3370 2
0 3370 2 1 655 0 3370 2
0 1039 1369 2 807 0 689 679 810 0 350 690
-1
23 47
0 2806 2 1 410 0 2806 2
0 2806 2 1 548 0 2806 2
0 2806 2 1 493 0 2806 2
0 2806 2 1 561 0 2806 2
0 2806 2 1 244 0 2806 2
0 2806 2 1 411 0 2806 2
0 2806 2 1 423 0 2806 2
0 2806 2 1 219 0 2806 2
0 2806 2 1 222 0 2806 2
0 2806 2 1 369 0 2806 2
0 2806 2 1 42 0 2806 2
0 2806 2 1 107 0 2806 2
0 2806 2 1 301 0 2806 2
0 2806 2 1 310 0 2806 2
0 2806 2 1 119 0 2806 2
0 2806 2 1 8 0 2806 2
0 2806 2 1 87 0 2806 2
0 2806 2 1 353 0 2806 2
0 2806 2 1 418 0 2806 2
0 2806 2 1 144 0 2806 2
0 2806 2 1 519 0 2806 2
0 2806 2 1 594 0 2806 2
0 2806 2 1 506 0 2806 2
0 2806 2 1 274 0 2806 2
0 2806 2 1 461 0 2806 2
0 2806 2 1 181 0 2806 2
0 2806 2 1 529 0 2806 2
0 2806 2 1 10 0 2806 2
0 2806 2 1 259 0 2806 2
0 2806 2 1 438 0 2806 2
0 2806 2 1 488 0 2806 2
0 2806 2 1 302 0 2806 2
0 2806 2 1 468 0 2806 2
0 2806 2 1 205 0 2806 2
0 2806 2 1 439 0 2806 2
0 2806 2 1 516 0 2806 2
0 2806 2 1 525 0 2806 2
0 2806 2 1 258 0 2806 2
0 2806 2 1 63 0 2806 2
0 2806 2 1 97 0 2806 2
0 2806 2 1 311 0 2806 2
0 2806 2 1 355 0 2806 2
0 2806 2 1 534 0 2806 2
0 2806 2 1 50 0 2806 2
0 2806 2 1 147 0 2806 2
0 2636 583 2 345 0 1952 580 593 0 684 3
0 1244 555 1 67 0 1244 555
-1
24 47
0 2454 2 1 735 0 2454 2
0 2454 2 1 966 0 2454 2
0 2454 2 1 1118 0 2454 2
0 2454 2 1 1099 0 2454 2
0 2454 2 1 620 0 2454 2
0 2454 2 1 1043 0 2454 2
0 2454 2 1 798 0 2454 2
0 2454 2 1 604 0 2454 2
0 2454 2 1 1093 0 2454 2
0 2454 2 1 1093 0 2454 2
0 2454 2 1 1067 0 2454 2
0 2454 2 1 876 0 2454 2
0 2454 2 1 967 0 2454 2
0 2454 2 1 861 0 2454 2
0 2454 2 1 1112 0 2454 2
0 2454 2 1 1126 0 2454 2
0 2454 2 1 623 0 2454 2
0 2454 2 1 687 0 2454 2
0 2454 2 1 797 0 2454 2
0 2454 2 1 755 0 2454 2
0 2454 2 1 1148 0 2454 2
0 2454 2 1 965 0 2454 2
0 2454 2 1 955 0 2454 2
0 2454 2 1 961 0 2454 2
0 2454 2 1 652 0 2454 2
0 2454 2 1 713 0 2454 2
0 2454 2 1 618 0 2454 2
0 2454 2 1 1189 0 2454 2
0 2454 2 1 765 0 2454 2
0 2454 2 1 765 0 2454 2
0 2454 2 1 814 0 2454 2
0 2454 2 1 624 0 2454 2
0 2454 2 1 1154 0 2454 2
0 2454 2 1 862 0 2454 2
0 2454 2 1 1198 0 2454 2
0 2454 2 1 1002 0 2454 2
0 2454 2 1 986 0 2454 2
0 2454 2 1 972 0 2454 2
0 2454 2 1 803 0 2454 2
0 2454 2 1 865 0 2454 2
0 2454 2 1 1108 0 2454 2
0 2454 2 1 978 0 2454 2
0 2454 2 1 978 0 2454 2
0 2454 2 1 1007 0 2454 2
0 2454 2 1 643 0 2454 2
0 2182 932 2 672 0 1944 931 735 0 238 1
0 2298 535 2 722 0 1723 534 688 0 575 1
-1
25 45
0 2883 0 1 299 0 2883 0
0 2883 0 1 58 0 2883 0
0 2883 0 1 9 0 2883 0
0 2883 0 1 49 0 2883 0
0 2883 0 1 561 0 2883 0
0 2883 0 1 185 0 2883 0
0 2883 0 1 339 0 2883 0
0 2883 0 1 129 0 2883 0
0 2883 0 1 178 0 2883 0
0 2883 0 1 523 0 2883 0
0 2883 0 1 382 0 2883 0
0 2883 0 1 562 0 2883 0
0 2883 0 1 18 0 2883 0
0 2883 0 1 263 0 2883 0
0 2883 0 1 353 0 2883 0
0 2883 0 1 428 0 2883 0
0 2883 0 1 446 0 2883 0
0 2883 0 1 526 0 2883 0
0 2883 0 1 290 0 2883 0
0 2883 0 1 75 0 2883 0
0 2883 0 1 38 0 2883 0
0 2883 0 1 529 0 2883 0
0 2883 0 1 542 0 2883 0
0 2883 0 1 592 0 2883 0
0 2883 0 1 566 0 2883 0
0 2883 0 1 77 0 2883 0
0 2883 0 1 314 0 2883 0
0 2883 0 1 350 0 2883 0
0 2883 0 1 394 0 2883 0
0 2883 0 1 551 0 2883 0
0 2883 0 1 175 0 2883 0
0 2883 0 1 212 0 2883 0
0 2883 0 1 251 0 2883 0
0 2883 0 1 287 0 2883 0
0 2883 0 1 304 0 2883 0
0 2883 0 1 227 0 2883 0
0 2883 0 1 240 0 2883 0
0 2883 0 1 321 0 2883 0
0 2883 0 1 328 0 2883 0
0 2883 0 1 311 0 2883 0
0 2883 0 1 182 0 2883 0
0 2883 0 1 373 0 2883 0
0 2883 0 1 319 0 2883 0
0 2883 0 1 402 0 2883 0
0 2700 625 2 292 0 2271 623 297 0 429 2
-1
26 50
0 2141 1 1 1178 0 2141 1
0 2141 1 1 1178 0 2141 1
0 2141 1 1 1064 0 2141 1
0 2141 1 1 684 0 2141 1
0 2141 1 1 817 0 2141 1
0 2141 1 1 903 0 2141 1
0 2141 1 1 1055 0 2141 1
0 2141 1 1 630 0 2141 1
0 2141 1 1 610 0 2141 1
0 2141 1 1 693 0 2141 1
0 2141 1 1 1089 0 2141 1
0 2141 1 1 798 0 2141 1
0 2141 1 1 997 0 2141 1
0 2141 1 1 891 0 2141 1
0 2141 1 1 861 0 2141 1
0 2141 1 1 856 0 2141 1
0 2141 1 1 801 0 2141 1
0 2141 1 1 808 0 2141 1
0 2141 1 1 641 0 2141 1
0 2141 1 1 723 0 2141 1
0 2141 1 1 751 0 2141 1
0 2141 1 1 1004 0 2141 1
0 2141 1 1 832 0 2141 1
0 2141 1 1 705 0 2141 1
0 2141 1 1 679 0 2141 1
0 2141 1 1 984 0 2141 1
0 2141 1 1 1013 0 2141 1
0 2141 1 1 1016 0 2141 1
0 2141 1 1 845 0 2141 1
0 2141 1 1 701 0 2141 1
0 2141 1 1 632 0 2141 1
0 2141 1 1 827 0 2141 1
0 2141 1 1 1039 0 2141 1
0 2141 1 1 1161 0 2141 1
0 2141 1 1 648 0 2141 1
0 2141 1 1 768 0 2141 1
0 2141 1 1 768 0 2141 1
0 2141 1 1 979 0 2141 1
0 2141 1 1 979 0 2141 1
0 2141 1 1 733 0 2141 1
0 2141 1 1 844 0 2141 1
0 2141 1 1 975 0 2141 1
0 2141 1 1 865 0 2141 1
0 2141 1 1 1123 0 2141 1
0 2141 1 1 894 0 2141 1
0 2141 1 1 1051 0 2141 1
0 2141 1 1 819 0 2141 1
0 2141 1 1 819 0 2141 1
0 2141 1 1 1166 0 2141 1
0 455 736 1 835 0 455 736
-1
27 46
0 2874 1 1 56 0 2874 1
0 2874 1 1 86 0 2874 1
0 2874 1 1 252 0 2874 1
0 2874 1 1 451 0 2874 1
0 2874 1 1 243 0 2874 1
0 2874 1 1 82 0 2874 1
0 2874 1 1 197 0 2874 1
0 2874 1 1 580 0 2874 1
0 2874 1 1 547 0 2874 1
0 2874 1 1 107 0 2874 1
0 2874 1 1 17 0 2874 1
0 2874 1 1 310 0 2874 1
0 2874 1 1 73 0 2874 1
0 2874 1 1 449 0 2874 1
0 2874 1 1 389 0 2874 1
0 2874 1 1 421 0 2874 1
0 2874 1 1 573 0 2874 1
0 2874 1 1 560 0 2874 1
0 2874 1 1 260 0 2874 1
0 2874 1 1 599 0 2874 1
0 2874 1 1 464 0 2874 1
0 2874 1 1 236 0 2874 1
0 2874 1 1 101 0 2874 1
0 2874 1 1 145 0 2874 1
0 2874 1 1 391 0 2874 1
0 2874 1 1 7 0 2874 1
0 2874 1 1 312 0 2874 1
0 2874 1 1 564 0 2874 1
0 2874 1 1 212 0 2874 1
0 2874 1 1 257 0 2874 1
0 2874 1 1 340 0 2874 1
0 2874 1 1 536 0 2874 1
0 2874 1 1 135 0 2874 1
0 2874 1 1 525 0 2874 1
0 2874 1 1 590 0 2874 1
0 2874 1 1 233 0 2874 1
0 2874 1 1 324 0 2874 1
0 2874 1 1 456 0 2874 1
0 2874 1 1 201 0 2874 1
0 2874 1 1 373 0 2874 1
0 2874 1 1 377 0 2874 1
0 2874 1 1 570 0 2874 1
0 2874 1 1 415 0 2874 1
0 2874 1 1 217 0 2874 1
0 2221 1488 2 244 0 1940 881 557 0 281 607
0 2623 860 2 483 0 1505 859 410 0 1118 1
-1
28 47
0 2287 2 1 1064 0 2287 2
0 2287 2 1 989 0 2287 2
0 2287 2 1 654 0 2287 2
0 2287 2 1 606 0 2287 2
0 2287 2 1 1010 0 2287 2
0 2287 2 1 831 0 2287 2
0 2287 2 1 734 0 2287 2
0 2287 2 1 869 0 2287 2
0 2287 2 1 1169 0 2287 2
0 2287 2 1 662 0 2287 2
0 2287 2 1 737 0 2287 2
0 2287 2 1 839 0 2287 2
0 2287 2 1 1049 0 2287 2
0 2287 2 1 687 0 2287 2
0 2287 2 1 1004 0 2287 2
0 2287 2 1 753 0 2287 2
0 2287 2 1 1146 0 2287 2
0 2287 2 1 738 0 2287 2
0 2287 2 1 796 0 2287 2
0 2287 2 1 746 0 2287 2
0 2287 2 1 965 0 2287 2
0 2287 2 1 929 0 2287 2
0 2287 2 1 929 0 2287 2
0 2287 2 1 1012 0 2287 2
0 2287 2 1 829 0 2287 2
0 2287 2 1 649 0 2287 2
0 2287 2 1 964 0 2287 2
0 2287 2 1 1034 0 2287 2
0 2287 2 1 1037 0 2287 2
0 2287 2 1 619 0 2287 2
0 2287 2 1 713 0 2287 2
0 2287 2 1 1141 0 2287 2
0 2287 2 1 1190 0 2287 2
0 2287 2 1 615 0 2287 2
0 2287 2 1 1136 0 2287 2
0 2287 2 1 704 0 2287 2
0 2287 2 1 704 0 2287 2
0 2287 2 1 1161 0 2287 2
0 2287 2 1 1116 0 2287 2
0 2287 2 1 1180 0 2287 2
0 2287 2 1 897 0 2287 2
0 2287 2 1 1104 0 2287 2
0 2287 2 1 1172 0 2287 2
0 2287 2 1 977 0 2287 2
0 2287 2 1 636 0 2287 2
0 2287 2 1 895 0 2287 2
0 2031 877 2 620 0 1819 875 794 0 212 2
-1
29 47
0 2688 2 1 299 0 2688 2
0 2688 2 1 493 0 2688 2
0 2688 2 1 581 0 2688 2
0 2688 2 1 363 0 2688 2
0 2688 2 1 378 0 2688 2
0 2688 2 1 383 0 2688 2
0 2688 2 1 82 0 2688 2
0 2688 2 1 81 0 2688 2
0 2688 2 1 512 0 2688 2
0 2688 2 1 343 0 2688 2
0 2688 2 1 452 0 2688 2
0 2688 2 1 210 0 2688 2
0 2688 2 1 210 0 2688 2
0 2688 2 1 367 0 2688 2
0 2688 2 1 88 0 2688 2
0 2688 2 1 499 0 2688 2
0 2688 2 1 70 0 2688 2
0 2688 2 1 105 0 2688 2
0 2688 2 1 87 0 2688 2
0 2688 2 1 563 0 2688 2
0 2688 2 1 563 0 2688 2
0 2688 2 1 132 0 2688 2
0 2688 2 1 124 0 2688 2
0 2688 2 1 505 0 2688 2
0 2688 2 1 538 0 2688 2
0 2688 2 1 461 0 2688 2
0 2688 2 1 571 0 2688 2
0 2688 2 1 4 0 2688 2
0 2688 2 1 392 0 2688 2
0 2688 2 1 307 0 2688 2
0 2688 2 1 391 0 2688 2
0 2688 2 1 250 0 2688 2
0 2688 2 1 303 0 2688 2
0 2688 2 1 303 0 2688 2
0 2688 2 1 394 0 2688 2
0 2688 2 1 524 0 2688 2
0 2688 2 1 551 0 2688 2
0 2688 2 1 567 0 2688 2
0 2688 2 1 95 0 2688 2
0 2688 2 1 238 0 2688 2
0 2688 2 1 238 0 2688 2
0 2688 2 1 324 0 2688 2
0 2688 2 1 281 0 2688 2
0 2688 2 1 231 0 2688 2
0 2688 2 1 453 0 2688 2
0 2688 2 1 322 0 2688 2
0 2513 600 2 69 0 2190 599 165 0 323 1
-1
30 49
0 2733 3 1 989 0 2733 3
0 2733 3 1 969 0 2733 3
0 2733 3 1 969 0 2733 3
0 2733 3 1 610 0 2733 3
0 2733 3 1 1048 0 2733 3
0 2733 3 1 734 0 2733 3
0 2733 3 1 1196 0 2733 3
0 2733 3 1 1028 0 2733 3
0 2733 3 1 617 0 2733 3
0 2733 3 1 806 0 2733 3
0 2733 3 1 1169 0 2733 3
0 2733 3 1 1115 0 2733 3
0 2733 3 1 724 0 2733 3
0 2733 3 1 736 0 2733 3
0 2733 3 1 662 0 2733 3
0 2733 3 1 884 0 2733 3
0 2733 3 1 922 0 2733 3
0 2733 3 1 725 0 2733 3
0 2733 3 1 1062 0 2733 3
0 2733 3 1 692 0 2733 3
0 2733 3 1 864 0 2733 3
0 2733 3 1 872 0 2733 3
0 2733 3 1 1179 0 2733 3
0 2733 3 1 1179 0 2733 3
0 2733 3 1 858 0 2733 3
0 2733 3 1 984 0 2733 3
0 2733 3 1 1063 0 2733 3
0 2733 3 1 633 0 2733 3
0 2733 3 1 633 0 2733 3
0 2733 3 1 935 0 2733 3
0 2733 3 1 965 0 2733 3
0 2733 3 1 929 0 2733 3
0 2733 3 1 958 0 2733 3
0 2733 3 1 789 0 2733 3
0 2733 3 1 854 0 2733 3
0 2733 3 1 814 0 2733 3
0 2733 3 1 991 0 2733 3
0 2733 3 1 1135 0 2733 3
0 2733 3 1 1018 0 2733 3
0 2733 3 1 834 0 2733 3
0 2733 3 1 972 0 2733 3
0 2733 3 1 957 0 2733 3
0 2733 3 1 865 0 2733 3
0 2733 3 1 1108 0 2733 3
0 2733 3 1 1123 0 2733 3
0 2733 3 1 1134 0 2733 3
0 2733 3 1 1134 0 2733 3
0 2566 574 2 940 0 1919 572 966 0 647 2
0 2326 1324 2 974 0 1286 794 791 0 1040 530
-1
31 49
0 2311 1 1 21 0 2311 1
0 2311 1 1 86 0 2311 1
0 2311 1 1 252 0 2311 1
0 2311 1 1 52 0 2311 1
0 2311 1 1 416 0 2311 1
0 2311 1 1 357 0 2311 1
0 2311 1 1 559 0 2311 1
0 2311 1 1 197 0 2311 1
0 2311 1 1 219 0 2311 1
0 2311 1 1 437 0 2311 1
0 2311 1 1 277 0 2311 1
0 2311 1 1 369 0 2311 1
0 2311 1 1 562 0 2311 1
0 2311 1 1 40 0 2311 1
0 2311 1 1 507 0 2311 1
0 2311 1 1 166 0 2311 1
0 2311 1 1 8 0 2311 1
0 2311 1 1 87 0 2311 1
0 2311 1 1 390 0 2311 1
0 2311 1 1 584 0 2311 1
0 2311 1 1 79 0 2311 1
0 2311 1 1 421 0 2311 1
0 2309 7 1 18 0 2309 7
0 2311 1 1 267 0 2311 1
0 2311 1 1 91 0 2311 1
0 2311 1 1 372 0 2311 1
0 2311 1 1 550 0 2311 1
0 2311 1 1 521 0 2311 1
0 2311 1 1 214 0 2311 1
0 2311 1 1 346 0 2311 1
0 2311 1 1 577 0 2311 1
0 2311 1 1 150 0 2311 1
0 2311 1 1 187 0 2311 1
0 2311 1 1 542 0 2311 1
0 2311 1 1 159 0 2311 1
0 2311 1 1 279 0 2311 1
0 2299 42 1 361 0 2299 42
0 2311 1 1 463 0 2311 1
0 2311 1 1 152 0 2311 1
0 2311 1 1 567 0 2311 1
0 2311 1 1 240 0 2311 1
0 2311 1 1 328 0 2311 1
0 2311 1 1 100 0 2311 1
0 2311 1 1 456 0 2311 1
0 2311 1 1 228 0 2311 1
0 2311 1 1 57 0 2311 1
0 2311 1 1 334 0 2311 1
0 2270 141 1 438 0 2270 141
0 74 950 1 495 0 74 950
-1
32 46
0 2361 1 1 838 0 2361 1
0 2361 1 1 689 0 2361 1
0 2361 1 1 1186 0 2361 1
0 2361 1 1 781 0 2361 1
0 2361 1 1 881 0 2361 1
0 2361 1 1 950 0 2361 1
0 2361 1 1 666 0 2361 1
0 2361 1 1 857 0 2361 1
0 2361 1 1 856 0 2361 1
0 2361 1 1 1137 0 2361 1
0 2361 1 1 1126 0 2361 1
0 2361 1 1 1195 0 2361 1
0 2361 1 1 782 0 2361 1
0 2361 1 1 948 0 2361 1
0 2361 1 1 948 0 2361 1
0 2361 1 1 762 0 2361 1
0 2361 1 1 1102 0 2361 1
0 2361 1 1 795 0 2361 1
0 2361 1 1 663 0 2361 1
0 2361 1 1 705 0 2361 1
0 2361 1 1 843 0 2361 1
0 2361 1 1 679 0 2361 1
0 2361 1 1 1035 0 2361 1
0 2361 1 1 984 0 2361 1
0 2361 1 1 1100 0 2361 1
0 2361 1 1 769 0 2361 1
0 2361 1 1 1190 0 2361 1
0 2361 1 1 637 0 2361 1
0 2361 1 1 899 0 2361 1
0 2361 1 1 711 0 2361 1
0 2361 1 1 854 0 2361 1
0 2361 1 1 867 0 2361 1
0 2361 1 1 765 0 2361 1
0 2361 1 1 768 0 2361 1
0 2361 1 1 1040 0 2361 1
0 2361 1 1 669 0 2361 1
0 2361 1 1 740 0 2361 1
0 2361 1 1 1002 0 2361 1
0 2361 1 1 1025 0 2361 1
0 2361 1 1 678 0 2361 1
0 2361 1 1 1134 0 2361 1
0 2361 1 1 1065 0 2361 1
0 2361 1 1 1128 0 2361 1
0 2361 1 1 927 0 2361 1
0 2361 1 1 1027 0 2361 1
0 2361 1 1 895 0 2361 1
-1
33 44
0 3038 2 1 2 0 3038 2
0 3038 2 1 44 0 3038 2
0 3038 2 1 469 0 3038 2
0 3038 2 1 351 0 3038 2
0 3038 2 1 383 0 3038 2
0 3038 2 1 559 0 3038 2
0 3038 2 1 513 0 3038 2
0 3038 2 1 338 0 3038 2
0 3038 2 1 273 0 3038 2
0 3038 2 1 523 0 3038 2
0 3038 2 1 317 0 3038 2
0 3038 2 1 397 0 3038 2
0 3038 2 1 166 0 3038 2
0 3038 2 1 600 0 3038 2
0 3038 2 1 295 0 3038 2
0 3038 2 1 282 0 3038 2
0 3038 2 1 464 0 3038 2
0 3038 2 1 521 0 3038 2
0 3038 2 1 65 0 3038 2
0 3038 2 1 4 0 3038 2
0 3038 2 1 259 0 3038 2
0 3038 2 1 569 0 3038 2
0 3038 2 1 350 0 3038 2
0 3038 2 1 330 0 3038 2
0 3038 2 1 567 0 3038 2
0 3038 2 1 95 0 3038 2
0 3038 2 1 257 0 3038 2
0 3038 2 1 291 0 3038 2
0 3038 2 1 478 0 3038 2
0 3038 2 1 332 0 3038 2
0 3038 2 1 368 0 3038 2
0 3038 2 1 100 0 3038 2
0 3038 2 1 377 0 3038 2
0 3038 2 1 249 0 3038 2
0 3038 2 1 454 0 3038 2
0 3038 2 1 454 0 3038 2
0 3038 2 1 385 0 3038 2
0 3038 2 1 147 0 3038 2
0 3038 2 1 582 0 3038 2
0 3038 2 1 334 0 3038 2
0 3038 2 1 453 0 3038 2
0 3038 2 1 511 0 3038 2
0 3038 2 1 482 0 3038 2
0 354 2545 3 420 0 155 958 21 0 158 644 255 0 41 943
-1
34 36
9000 0 651 1 1191 9000 0 651
8964 0 700 1 1000 8964 0 700
8991 0 663 1 1125 8991 0 663
8964 0 700 1 824 8964 0 700
8982 0 675 1 1056 8982 0 675
8991 0 663 1 638 8991 0 663
8991 0 663 1 732 8991 0 663
8973 0 688 1 932 8973 0 688
8982 0 675 1 1149 8982 0 675
8964 0 700 1 603 8964 0 700
8973 0 688 1 1199 8973 0 688
8892 0 797 1 883 8892 0 797
8937 0 736 1 777 8937 0 736
8919 0 761 1 880 8919 0 761
8928 0 749 1 1023 8928 0 749
8928 0 749 1 1092 8928 0 749
8892 0 797 1 1151 8892 0 797
8892 0 797 1 973 8892 0 797
8910 0 773 1 752 8910 0 773
8847 0 858 1 998 8847 0 858
8838 0 871 1 661 8838 0 871
8847 0 858 1 700 8847 0 858
8793 0 932 1 665 8793 0 932
8775 0 956 1 908 8775 0 956
8802 0 919 1 811 8802 0 919
8784 0 944 1 621 8784 0 944
8802 0 919 1 1184 8802 0 919
8793 0 932 1 1088 8793 0 932
8775 0 956 1 956 8775 0 956
8763 0 972 2 763 8748 0 972 728 15 0 0
8763 0 972 2 1068 8739 0 971 1021 24 0 1
8775 0 956 1 993 8775 0 956
8764 0 971 2 923 8721 0 969 901 43 0 2
8767 0 967 2 710 8676 0 964 1055 91 0 3
5728 0 3157 4 918 1948 0 911 934 1571 0 860 1187 1256 0 512 1087 953 0 874
1337 0 736 1 838 1337 0 736
-1
35 58
0 1999 0 1 359 0 1999 0
0 1999 0 1 39 0 1999 0
0 1999 0 1 420 0 1999 0
0 1999 0 1 557 0 1999 0
0 1999 0 1 298 0 1999 0
0 1999 0 1 527 0 1999 0
0 1999 0 1 196 0 1999 0
0 1999 0 1 555 0 1999 0
0 1999 0 1 89 0 1999 0
0 1999 0 1 518 0 1999 0
0 1999 0 1 300 0 1999 0
0 1988 37 1 56 0 1988 37
0 1999 0 1 423 0 1999 0
0 1999 0 1 198 0 1999 0
0 1999 0 1 48 0 1999 0
0 1999 0 1 102 0 1999 0
0 1999 0 1 204 0 1999 0
0 1999 0 1 502 0 1999 0
0 1999 0 1 547 0 1999 0
0 1999 0 1 382 0 1999 0
0 1999 0 1 111 0 1999 0
0 1999 0 1 309 0 1999 0
0 1999 0 1 301 0 1999 0
0 1999 0 1 280 0 1999 0
0 1999 0 1 413 0 1999 0
0 1999 0 1 499 0 1999 0
0 1999 0 1 375 0 1999 0
0 1999 0 1 532 0 1999 0
0 1999 0 1 539 0 1999 0
0 1999 0 1 208 0 1999 0
0 1999 0 1 190 0 1999 0
0 1999 0 1 389 0 1999 0
0 1983 54 1 221 0 1983 54
0 1983 54 1 528 0 1983 54
0 1999 0 1 544 0 1999 0
0 1999 0 1 286 0 1999 0
0 1999 0 1 276 0 1999 0
0 1999 0 1 458 0 1999 0
0 1999 0 1 295 0 1999 0
0 1999 0 1 362 0 1999 0
0 1999 0 1 526 0 1999 0
0 1999 0 1 260 0 1999 0
0 1999 0 1 405 0 1999 0
0 1999 0 1 594 0 1999 0
0 1992 24 1 171 0 1992 24
0 1999 0 1 282 0 1999 0
0 1999 0 1 538 0 1999 0
0 1999 0 1 65 0 1999 0
0 1999 0 1 151 0 1999 0
0 1999 0 1 270 0 1999 0
0 1999 0 1 77 0 1999 0
0 1999 0 1 414 0 1999 0
0 1999 0 1 20 0 1999 0
0 1999 0 1 203 0 1999 0
0 1999 0 1 211 0 1999 0
0 1999 0 1 468 0 1999 0
0 1999 0 1 36 0 1999 0
0 1955 150 1 519 0 1955 150
-1
36 49
0 2088 2 1 807 0 2088 2
0 2088 2 1 1074 0 2088 2
0 2088 2 1 966 0 2088 2
0 2088 2 1 1186 0 2088 2
0 2088 2 1 781 0 2088 2
0 2088 2 1 1157 0 2088 2
0 2088 2 1 778 0 2088 2
0 2088 2 1 1057 0 2088 2
0 2088 2 1 1079 0 2088 2
0 2088 2 1 1094 0 2088 2
0 2088 2 1 1043 0 2088 2
0 2088 2 1 709 0 2088 2
0 2088 2 1 1028 0 2088 2
0 2088 2 1 876 0 2088 2
0 2088 2 1 808 0 2088 2
0 2088 2 1 1130 0 2088 2
0 2088 2 1 947 0 2088 2
0 2088 2 1 645 0 2088 2
0 2088 2 1 753 0 2088 2
0 2088 2 1 741 0 2088 2
0 2088 2 1 864 0 2088 2
0 2088 2 1 953 0 2088 2
0 2088 2 1 746 0 2088 2
0 2088 2 1 1063 0 2088 2
0 2088 2 1 629 0 2088 2
0 2088 2 1 714 0 2088 2
0 2088 2 1 714 0 2088 2
0 2088 2 1 731 0 2088 2
0 2088 2 1 942 0 2088 2
0 2088 2 1 1100 0 2088 2
0 2088 2 1 652 0 2088 2
0 2088 2 1 878 0 2088 2
0 2088 2 1 642 0 2088 2
0 2088 2 1 1033 0 2088 2
0 2088 2 1 1161 0 2088 2
0 2088 2 1 1119 0 2088 2
0 2088 2 1 624 0 2088 2
0 2088 2 1 875 0 2088 2
0 2088 2 1 1198 0 2088 2
0 2088 2 1 1025 0 2088 2
0 2088 2 1 834 0 2088 2
0 2088 2 1 1031 0 2088 2
0 2088 2 1 1152 0 2088 2
0 2088 2 1 927 0 2088 2
0 2088 2 1 1027 0 2088 2
0 2088 2 1 1080 0 2088 2
0 2088 2 1 1080 0 2088 2
0 1837 860 1 1112 0 1837 860
0 996 633 1 1074 0 996 633
-1
37 49
0 3410 1 1 420 0 3410 1
0 3410 1 1 2 0 3410 1
0 3410 1 1 89 0 3410 1
0 3410 1 1 518 0 3410 1
0 3410 1 1 52 0 3410 1
0 3410 1 1 83 0 3410 1
0 3410 1 1 83 0 3410 1
0 3410 1 1 220 0 3410 1
0 3410 1 1 269 0 3410 1
0 3410 1 1 62 0 3410 1
0 3410 1 1 501 0 3410 1
0 3410 1 1 42 0 3410 1
0 3410 1 1 226 0 3410 1
0 3410 1 1 572 0 3410 1
0 3410 1 1 375 0 3410 1
0 3410 1 1 500 0 3410 1
0 3410 1 1 253 0 3410 1
0 3410 1 1 79 0 3410 1
0 3410 1 1 263 0 3410 1
0 3410 1 1 225 0 3410 1
0 3410 1 1 446 0 3410 1
0 3410 1 1 305 0 3410 1
0 3410 1 1 335 0 3410 1
0 3410 1 1 457 0 3410 1
0 3410 1 1 144 0 3410 1
0 3410 1 1 405 0 3410 1
0 3410 1 1 440 0 3410 1
0 3410 1 1 117 0 3410 1
0 3410 1 1 133 0 3410 1
0 3410 1 1 153 0 3410 1
0 3410 1 1 392 0 3410 1
0 3410 1 1 164 0 3410 1
0 3410 1 1 223 0 3410 1
0 3410 1 1 370 0 3410 1
0 3410 1 1 20 0 3410 1
0 3410 1 1 520 0 3410 1
0 3410 1 1 54 0 3410 1
0 3410 1 1 224 0 3410 1
0 3410 1 1 490 0 3410 1
0 3410 1 1 478 0 3410 1
0 3410 1 1 211 0 3410 1
0 3410 1 1 332 0 3410 1
0 3410 1 1 41 0 3410 1
0 3410 1 1 321 0 3410 1
0 3410 1 1 258 0 3410 1
0 3410 1 1 396 0 3410 1
0 3410 1 1 575 0 3410 1
0 3146 903 2 554 0 1964 903 491 0 1182 0
0 1797 1641 2 39 0 1569 761 359 0 228 880
-1
38 46
856 1767 1 1 735 856 1767 1
856 1767 1 1 1118 856 1767 1
856 1767 1 1 903 856 1767 1
856 1767 1 1 982 856 1767 1
856 1767 1 1 794 856 1767 1
856 1767 1 1 1043 856 1767 1
856 1767 1 1 743 856 1767 1
856 1767 1 1 786 856 1767 1
856 1767 1 1 647 856 1767 1
856 1767 1 1 712 856 1767 1
856 1767 1 1 801 856 1767 1
856 1767 1 1 670 856 1767 1
856 1767 1 1 1109 856 1767 1
856 1767 1 1 1109 856 1767 1
856 1767 1 1 1130 856 1767 1
856 1767 1 1 741 856 1767 1
856 1767 1 1 780 856 1767 1
856 1767 1 1 870 856 1767 1
856 1767 1 1 1148 856 1767 1
856 1767 1 1 1102 856 1767 1
856 1767 1 1 949 856 1767 1
856 1767 1 1 951 856 1767 1
856 1767 1 1 707 856 1767 1
856 1767 1 1 779 856 1767 1
856 1767 1 1 1034 856 1767 1
856 1767 1 1 1100 856 1767 1
856 1767 1 1 788 856 1767 1
856 1767 1 1 968 856 1767 1
856 1767 1 1 789 856 1767 1
856 1767 1 1 804 856 1767 1
856 1767 1 1 642 856 1767 1
856 1767 1 1 748 856 1767 1
856 1767 1 1 814 856 1767 1
856 1767 1 1 988 856 1767 1
856 1767 1 1 809 856 1767 1
856 1767 1 1 842 856 1767 1
856 1767 1 1 862 856 1767 1
856 1767 1 1 1025 856 1767 1
856 1767 1 1 897 856 1767 1
856 1767 1 1 673 856 1767 1
856 1767 1 1 803 856 1767 1
856 1767 1 1 1197 856 1767 1
856 1767 1 1 907 856 1767 1
856 1767 1 1 776 856 1767 1
856 1767 1 1 851 856 1767 1
1036 1459 810 2 884 856 1088 809 1050 180 371 1
-1
39 46
0 3290 1 1 359 0 3290 1
0 3290 1 1 39 0 3290 1
0 3290 1 1 555 0 3290 1
0 3290 1 1 344 0 3290 1
0 3290 1 1 357 0 3290 1
0 3290 1 1 430 0 3290 1
0 3290 1 1 247 0 3290 1
0 3290 1 1 243 0 3290 1
0 3290 1 1 198 0 3290 1
0 3290 1 1 48 0 3290 1
0 3290 1 1 437 0 3290 1
0 3290 1 1 256 0 3290 1
0 3290 1 1 111 0 3290 1
0 3290 1 1 268 0 3290 1
0 3290 1 1 27 0 3290 1
0 3290 1 1 5 0 3290 1
0 3290 1 1 266 0 3290 1
0 3290 1 1 390 0 3290 1
0 3290 1 1 276 0 3290 1
0 3290 1 1 272 0 3290 1
0 3290 1 1 305 0 3290 1
0 3290 1 1 130 0 3290 1
0 3290 1 1 325 0 3290 1
0 3290 1 1 145 0 3290 1
0 3290 1 1 270 0 3290 1
0 3290 1 1 509 0 3290 1
0 3290 1 1 517 0 3290 1
0 3290 1 1 113 0 3290 1
0 3290 1 1 463 0 3290 1
0 3290 1 1 308 0 3290 1
0 3290 1 1 213 0 3290 1
0 3290 1 1 251 0 3290 1
0 3290 1 1 490 0 3290 1
0 3290 1 1 340 0 3290 1
0 3290 1 1 112 0 3290 1
0 3290 1 1 63 0 3290 1
0 3290 1 1 233 0 3290 1
0 3290 1 1 496 0 3290 1
0 3290 1 1 99 0 3290 1
0 3290 1 1 217 0 3290 1
0 3290 1 1 254 0 3290 1
0 3290 1 1 482 0 3290 1
0 3290 1 1 34 0 3290 1
0 3290 1 1 365 0 3290 1
0 3290 1 1 365 0 3290 1
0 2908 1308 3 98 0 1973 779 129 0 785 527 469 0 150 2
-1
40 48
0 2640 1 1 810 0 2640 1
0 2640 1 1 989 0 2640 1
0 2640 1 1 974 0 2640 1
0 2640 1 1 1074 0 2640 1
0 2640 1 1 918 0 2640 1
0 2640 1 1 1010 0 2640 1
0 2640 1 1 1014 0 2640 1
0 2640 1 1 1086 0 2640 1
0 2640 1 1 1142 0 2640 1
0 2640 1 1 857 0 2640 1
0 2640 1 1 759 0 2640 1
0 2640 1 1 891 0 2640 1
0 2640 1 1 604 0 2640 1
0 2640 1 1 971 0 2640 1
0 2640 1 1 686 0 2640 1
0 2640 1 1 801 0 2640 1
0 2640 1 1 884 0 2640 1
0 2640 1 1 641 0 2640 1
0 2640 1 1 1054 0 2640 1
0 2640 1 1 674 0 2640 1
0 2640 1 1 742 0 2640 1
0 2640 1 1 760 0 2640 1
0 2640 1 1 1036 0 2640 1
0 2640 1 1 1081 0 2640 1
0 2640 1 1 943 0 2640 1
0 2640 1 1 640 0 2640 1
0 2640 1 1 879 0 2640 1
0 2640 1 1 830 0 2640 1
0 2640 1 1 845 0 2640 1
0 2640 1 1 1037 0 2640 1
0 2640 1 1 899 0 2640 1
0 2640 1 1 1127 0 2640 1
0 2640 1 1 790 0 2640 1
0 2640 1 1 1018 0 2640 1
0 2640 1 1 669 0 2640 1
0 2640 1 1 669 0 2640 1
0 2640 1 1 1001 0 2640 1
0 2640 1 1 622 0 2640 1
0 2640 1 1 622 0 2640 1
0 2640 1 1 875 0 2640 1
0 2640 1 1 1154 0 2640 1
0 2640 1 1 986 0 2640 1
0 2640 1 1 673 0 2640 1
0 2640 1 1 1140 0 2640 1
0 2640 1 1 1104 0 2640 1
0 2640 1 1 1188 0 2640 1
0 2640 1 1 894 0 2640 1
0 2640 1 1 1066 0 2640 1
-1
