1 46
0 2018 5 1 23 0 2018 5
0 2018 5 1 58 0 2018 5
0 2018 5 1 39 0 2018 5
0 2018 5 1 82 0 2018 5
0 2018 5 1 95 0 2018 5
0 2018 5 1 42 0 2018 5
0 2018 5 1 36 0 2018 5
0 2018 5 1 36 0 2018 5
0 2018 5 1 61 0 2018 5
0 2018 5 1 93 0 2018 5
0 2018 5 1 27 0 2018 5
0 2018 5 1 53 0 2018 5
0 2018 5 1 53 0 2018 5
0 2018 5 1 12 0 2018 5
0 2018 5 1 12 0 2018 5
0 2018 5 1 64 0 2018 5
0 2018 5 1 64 0 2018 5
0 2018 5 1 67 0 2018 5
0 2018 5 1 51 0 2018 5
0 2018 5 1 25 0 2018 5
0 2018 5 1 74 0 2018 5
0 2018 5 1 35 0 2018 5
0 2018 5 1 35 0 2018 5
0 2018 5 1 60 0 2018 5
0 2018 5 1 34 0 2018 5
0 2018 5 1 48 0 2018 5
0 2018 5 1 48 0 2018 5
0 2018 5 1 65 0 2018 5
0 2018 5 1 43 0 2018 5
0 2018 5 1 94 0 2018 5
0 2018 5 1 24 0 2018 5
0 2018 5 1 68 0 2018 5
0 2018 5 1 68 0 2018 5
0 2018 5 1 50 0 2018 5
0 2018 5 1 92 0 2018 5
0 2018 5 1 92 0 2018 5
0 2018 5 1 41 0 2018 5
0 2018 5 1 29 0 2018 5
0 2018 5 1 2 0 2018 5
0 2018 5 1 54 0 2018 5
0 2018 5 1 90 0 2018 5
0 2018 5 1 56 0 2018 5
0 2018 5 1 5 0 2018 5
0 2018 5 1 14 0 2018 5
0 2018 5 1 14 0 2018 5
0 1341 2129 3 49 0 845 716 44 0 367 694 55 0 129 719
-1
2 50
0 1281 0 1 114 0 1281 0
0 1281 0 1 198 0 1281 0
0 1281 0 1 112 0 1281 0
0 1281 0 1 112 0 1281 0
0 1281 0 1 162 0 1281 0
0 1281 0 1 148 0 1281 0
0 1281 0 1 196 0 1281 0
0 1281 0 1 159 0 1281 0
0 1281 0 1 107 0 1281 0
0 1281 0 1 142 0 1281 0
0 1281 0 1 104 0 1281 0
0 1281 0 1 133 0 1281 0
0 1281 0 1 120 0 1281 0
0 1281 0 1 120 0 1281 0
0 1281 0 1 167 0 1281 0
0 1281 0 1 155 0 1281 0
0 1281 0 1 149 0 1281 0
0 1281 0 1 115 0 1281 0
0 1281 0 1 115 0 1281 0
0 1281 0 1 117 0 1281 0
0 1281 0 1 123 0 1281 0
0 1281 0 1 123 0 1281 0
0 1281 0 1 156 0 1281 0
0 1281 0 1 127 0 1281 0
0 1281 0 1 181 0 1281 0
0 1281 0 1 178 0 1281 0
0 1281 0 1 171 0 1281 0
0 1281 0 1 163 0 1281 0
0 1281 0 1 163 0 1281 0
0 1281 0 1 153 0 1281 0
0 1281 0 1 170 0 1281 0
0 1263 105 1 103 0 1263 105
0 1281 0 1 161 0 1281 0
0 1281 0 1 102 0 1281 0
0 1281 0 1 143 0 1281 0
0 1281 0 1 135 0 1281 0
0 1281 0 1 131 0 1281 0
0 1281 0 1 177 0 1281 0
0 1281 0 1 177 0 1281 0
0 1281 0 1 150 0 1281 0
0 1281 0 1 116 0 1281 0
0 1281 0 1 125 0 1281 0
0 1281 0 1 136 0 1281 0
0 1281 0 1 136 0 1281 0
0 1281 0 1 136 0 1281 0
0 1281 0 1 158 0 1281 0
0 1281 0 1 146 0 1281 0
0 1222 343 1 132 0 1222 343
0 1185 558 1 112 0 1185 558
0 1206 436 1 105 0 1206 436
-1
3 46
132 1293 1 1 23 132 1293 1
132 1293 1 1 88 132 1293 1
132 1293 1 1 19 132 1293 1
132 1293 1 1 49 132 1293 1
132 1293 1 1 8 132 1293 1
132 1293 1 1 95 132 1293 1
132 1293 1 1 95 132 1293 1
132 1293 1 1 55 132 1293 1
132 1293 1 1 42 132 1293 1
132 1293 1 1 26 132 1293 1
132 1293 1 1 31 132 1293 1
132 1293 1 1 31 132 1293 1
132 1293 1 1 27 132 1293 1
132 1293 1 1 27 132 1293 1
132 1293 1 1 97 132 1293 1
132 1293 1 1 7 132 1293 1
132 1293 1 1 22 132 1293 1
132 1293 1 1 72 132 1293 1
132 1293 1 1 78 132 1293 1
132 1293 1 1 30 132 1293 1
132 1293 1 1 51 132 1293 1
132 1293 1 1 83 132 1293 1
132 1293 1 1 34 132 1293 1
132 1293 1 1 16 132 1293 1
132 1293 1 1 40 132 1293 1
132 1293 1 1 24 132 1293 1
132 1293 1 1 100 132 1293 1
132 1293 1 1 59 132 1293 1
132 1293 1 1 92 132 1293 1
132 1293 1 1 29 132 1293 1
132 1293 1 1 62 132 1293 1
132 1293 1 1 20 132 1293 1
132 1293 1 1 15 132 1293 1
132 1293 1 1 89 132 1293 1
132 1293 1 1 89 132 1293 1
132 1293 1 1 75 132 1293 1
132 1293 1 1 99 132 1293 1
132 1293 1 1 90 132 1293 1
132 1293 1 1 90 132 1293 1
132 1293 1 1 38 132 1293 1
132 1293 1 1 38 132 1293 1
132 1293 1 1 5 132 1293 1
132 1293 1 1 5 132 1293 1
132 1293 1 1 86 132 1293 1
145 1186 595 2 65 132 1056 590 39 13 130 5
132 67 925 1 58 132 67 925
-1
4 47
0 1957 1 1 199 0 1957 1
0 1957 1 1 199 0 1957 1
0 1957 1 1 179 0 1957 1
0 1957 1 1 196 0 1957 1
0 1957 1 1 180 0 1957 1
0 1957 1 1 110 0 1957 1
0 1957 1 1 169 0 1957 1
0 1957 1 1 169 0 1957 1
0 1957 1 1 188 0 1957 1
0 1957 1 1 155 0 1957 1
0 1957 1 1 149 0 1957 1
0 1957 1 1 121 0 1957 1
0 1957 1 1 121 0 1957 1
0 1957 1 1 115 0 1957 1
0 1957 1 1 117 0 1957 1
0 1957 1 1 123 0 1957 1
0 1957 1 1 200 0 1957 1
0 1957 1 1 156 0 1957 1
0 1957 1 1 108 0 1957 1
0 1957 1 1 165 0 1957 1
0 1957 1 1 103 0 1957 1
0 1957 1 1 141 0 1957 1
0 1957 1 1 127 0 1957 1
0 1957 1 1 178 0 1957 1
0 1957 1 1 176 0 1957 1
0 1957 1 1 193 0 1957 1
0 1957 1 1 163 0 1957 1
0 1957 1 1 194 0 1957 1
0 1957 1 1 194 0 1957 1
0 1957 1 1 153 0 1957 1
0 1957 1 1 153 0 1957 1
0 1957 1 1 170 0 1957 1
0 1957 1 1 138 0 1957 1
0 1957 1 1 173 0 1957 1
0 1957 1 1 111 0 1957 1
0 1957 1 1 111 0 1957 1
0 1957 1 1 113 0 1957 1
0 1957 1 1 131 0 1957 1
0 1957 1 1 183 0 1957 1
0 1957 1 1 172 0 1957 1
0 1957 1 1 150 0 1957 1
0 1957 1 1 157 0 1957 1
0 1957 1 1 106 0 1957 1
0 1957 1 1 125 0 1957 1
0 1957 1 1 146 0 1957 1
0 1957 1 1 145 0 1957 1
0 1049 1768 2 114 0 965 879 195 0 84 889
-1
5 47
0 2158 1 1 23 0 2158 1
0 2158 1 1 82 0 2158 1
0 2158 1 1 18 0 2158 1
0 2158 1 1 8 0 2158 1
0 2158 1 1 44 0 2158 1
0 2158 1 1 44 0 2158 1
0 2158 1 1 55 0 2158 1
0 2158 1 1 9 0 2158 1
0 2158 1 1 36 0 2158 1
0 2158 1 1 77 0 2158 1
0 2158 1 1 70 0 2158 1
0 2158 1 1 13 0 2158 1
0 2158 1 1 13 0 2158 1
0 2158 1 1 22 0 2158 1
0 2158 1 1 87 0 2158 1
0 2158 1 1 87 0 2158 1
0 2158 1 1 21 0 2158 1
0 2158 1 1 80 0 2158 1
0 2158 1 1 67 0 2158 1
0 2158 1 1 30 0 2158 1
0 2158 1 1 51 0 2158 1
0 2158 1 1 98 0 2158 1
0 2158 1 1 3 0 2158 1
0 2158 1 1 3 0 2158 1
0 2158 1 1 35 0 2158 1
0 2158 1 1 63 0 2158 1
0 2158 1 1 34 0 2158 1
0 2158 1 1 65 0 2158 1
0 2158 1 1 4 0 2158 1
0 2158 1 1 43 0 2158 1
0 2158 1 1 94 0 2158 1
0 2158 1 1 94 0 2158 1
0 2158 1 1 24 0 2158 1
0 2158 1 1 68 0 2158 1
0 2158 1 1 50 0 2158 1
0 2158 1 1 50 0 2158 1
0 2158 1 1 66 0 2158 1
0 2158 1 1 62 0 2158 1
0 2158 1 1 15 0 2158 1
0 2158 1 1 2 0 2158 1
0 2158 1 1 90 0 2158 1
0 2158 1 1 33 0 2158 1
0 2158 1 1 33 0 2158 1
0 2158 1 1 56 0 2158 1
0 2158 1 1 84 0 2158 1
0 1294 1486 2 77 0 1174 852 26 0 120 634
0 1935 1296 2 88 0 975 617 8 0 960 679
-1
6 47
0 1573 1 1 198 0 1573 1
0 1573 1 1 198 0 1573 1
0 1573 1 1 112 0 1573 1
0 1573 1 1 162 0 1573 1
0 1573 1 1 196 0 1573 1
0 1573 1 1 196 0 1573 1
0 1573 1 1 122 0 1573 1
0 1573 1 1 142 0 1573 1
0 1573 1 1 133 0 1573 1
0 1573 1 1 189 0 1573 1
0 1573 1 1 189 0 1573 1
0 1573 1 1 188 0 1573 1
0 1573 1 1 192 0 1573 1
0 1573 1 1 192 0 1573 1
0 1573 1 1 167 0 1573 1
0 1573 1 1 115 0 1573 1
0 1572 7 1 200 0 1572 7
0 1573 1 1 108 0 1573 1
0 1573 1 1 103 0 1573 1
0 1573 1 1 152 0 1573 1
0 1573 1 1 152 0 1573 1
0 1573 1 1 176 0 1573 1
0 1573 1 1 118 0 1573 1
0 1573 1 1 171 0 1573 1
0 1573 1 1 171 0 1573 1
0 1573 1 1 134 0 1573 1
0 1573 1 1 134 0 1573 1
0 1573 1 1 153 0 1573 1
0 1573 1 1 191 0 1573 1
0 1573 1 1 138 0 1573 1
0 1573 1 1 138 0 1573 1
0 1573 1 1 102 0 1573 1
0 1573 1 1 111 0 1573 1
0 1573 1 1 143 0 1573 1
0 1573 1 1 177 0 1573 1
0 1573 1 1 172 0 1573 1
0 1573 1 1 150 0 1573 1
0 1573 1 1 150 0 1573 1
0 1573 1 1 174 0 1573 1
0 1573 1 1 116 0 1573 1
0 1573 1 1 125 0 1573 1
0 1573 1 1 158 0 1573 1
0 1573 1 1 168 0 1573 1
0 1573 1 1 168 0 1573 1
0 1573 1 1 187 0 1573 1
0 1433 814 2 151 0 1177 812 148 0 256 2
0 1253 1210 2 166 0 870 525 199 0 383 685
-1
7 47
16 1411 5 1 81 16 1411 5
16 1411 5 1 39 16 1411 5
16 1411 5 1 37 16 1411 5
16 1411 5 1 18 16 1411 5
16 1411 5 1 8 16 1411 5
16 1411 5 1 95 16 1411 5
16 1411 5 1 95 16 1411 5
16 1411 5 1 36 16 1411 5
16 1411 5 1 26 16 1411 5
16 1411 5 1 26 16 1411 5
16 1411 5 1 77 16 1411 5
16 1411 5 1 77 16 1411 5
16 1411 5 1 61 16 1411 5
16 1411 5 1 47 16 1411 5
16 1411 5 1 70 16 1411 5
16 1411 5 1 70 16 1411 5
16 1411 5 1 7 16 1411 5
16 1411 5 1 53 16 1411 5
16 1411 5 1 72 16 1411 5
16 1411 5 1 72 16 1411 5
16 1411 5 1 80 16 1411 5
16 1411 5 1 67 16 1411 5
16 1411 5 1 51 16 1411 5
16 1411 5 1 74 16 1411 5
16 1411 5 1 98 16 1411 5
16 1411 5 1 63 16 1411 5
16 1411 5 1 16 16 1411 5
16 1411 5 1 10 16 1411 5
16 1411 5 1 40 16 1411 5
16 1411 5 1 40 16 1411 5
16 1411 5 1 4 16 1411 5
16 1411 5 1 92 16 1411 5
16 1411 5 1 92 16 1411 5
16 1411 5 1 32 16 1411 5
16 1411 5 1 15 16 1411 5
16 1411 5 1 46 16 1411 5
16 1411 5 1 46 16 1411 5
16 1411 5 1 75 16 1411 5
16 1411 5 1 56 16 1411 5
16 1411 5 1 84 16 1411 5
16 1411 5 1 84 16 1411 5
16 1411 5 1 84 16 1411 5
16 1411 5 1 69 16 1411 5
16 1411 5 1 1 16 1411 5
16 1411 5 1 86 16 1411 5
16 1411 5 1 14 16 1411 5
16 94 940 1 23 16 94 940
-1
8 48
0 2078 1 1 195 0 2078 1
0 2078 1 1 195 0 2078 1
0 2078 1 1 198 0 2078 1
0 2078 1 1 112 0 2078 1
0 2078 1 1 186 0 2078 1
0 2078 1 1 186 0 2078 1
0 2078 1 1 166 0 2078 1
0 2078 1 1 180 0 2078 1
0 2078 1 1 122 0 2078 1
0 2078 1 1 197 0 2078 1
0 2078 1 1 142 0 2078 1
0 2078 1 1 104 0 2078 1
0 2078 1 1 192 0 2078 1
0 2078 1 1 132 0 2078 1
0 2078 1 1 155 0 2078 1
0 2078 1 1 140 0 2078 1
0 2078 1 1 151 0 2078 1
0 2078 1 1 151 0 2078 1
0 2078 1 1 117 0 2078 1
0 2078 1 1 200 0 2078 1
0 2078 1 1 108 0 2078 1
0 2078 1 1 165 0 2078 1
0 2078 1 1 103 0 2078 1
0 2078 1 1 141 0 2078 1
0 2078 1 1 127 0 2078 1
0 2078 1 1 152 0 2078 1
0 2078 1 1 118 0 2078 1
0 2078 1 1 193 0 2078 1
0 2078 1 1 160 0 2078 1
0 2078 1 1 163 0 2078 1
0 2078 1 1 161 0 2078 1
0 2078 1 1 102 0 2078 1
0 2078 1 1 143 0 2078 1
0 2078 1 1 113 0 2078 1
0 2078 1 1 135 0 2078 1
0 2078 1 1 131 0 2078 1
0 2078 1 1 183 0 2078 1
0 2078 1 1 172 0 2078 1
0 2078 1 1 157 0 2078 1
0 2078 1 1 139 0 2078 1
0 2078 1 1 168 0 2078 1
0 2078 1 1 187 0 2078 1
0 2078 1 1 144 0 2078 1
0 2078 1 1 144 0 2078 1
0 2078 1 1 128 0 2078 1
0 2078 1 1 128 0 2078 1
0 2078 1 1 128 0 2078 1
0 1036 553 1 110 0 1036 553
-1
9 48
0 1581 0 1 81 0 1581 0
0 1581 0 1 88 0 1581 0
0 1581 0 1 88 0 1581 0
0 1581 0 1 37 0 1581 0
0 1581 0 1 37 0 1581 0
0 1581 0 1 49 0 1581 0
0 1581 0 1 8 0 1581 0
0 1581 0 1 44 0 1581 0
0 1581 0 1 55 0 1581 0
0 1581 0 1 77 0 1581 0
0 1581 0 1 31 0 1581 0
0 1581 0 1 61 0 1581 0
0 1581 0 1 47 0 1581 0
0 1581 0 1 13 0 1581 0
0 1581 0 1 87 0 1581 0
0 1581 0 1 21 0 1581 0
0 1581 0 1 21 0 1581 0
0 1581 0 1 21 0 1581 0
0 1581 0 1 78 0 1581 0
0 1581 0 1 80 0 1581 0
0 1581 0 1 12 0 1581 0
0 1581 0 1 51 0 1581 0
0 1581 0 1 25 0 1581 0
0 1581 0 1 83 0 1581 0
0 1581 0 1 76 0 1581 0
0 1581 0 1 76 0 1581 0
0 1581 0 1 3 0 1581 0
0 1581 0 1 3 0 1581 0
0 1581 0 1 63 0 1581 0
0 1581 0 1 60 0 1581 0
0 1581 0 1 60 0 1581 0
0 1581 0 1 48 0 1581 0
0 1581 0 1 48 0 1581 0
0 1581 0 1 16 0 1581 0
0 1581 0 1 43 0 1581 0
0 1581 0 1 52 0 1581 0
0 1581 0 1 100 0 1581 0
0 1581 0 1 73 0 1581 0
0 1581 0 1 73 0 1581 0
0 1581 0 1 20 0 1581 0
0 1581 0 1 32 0 1581 0
0 1581 0 1 54 0 1581 0
0 1581 0 1 84 0 1581 0
0 1581 0 1 38 0 1581 0
0 1581 0 1 38 0 1581 0
0 1581 0 1 5 0 1581 0
0 1581 0 1 86 0 1581 0
0 1465 674 2 83 0 1098 670 27 0 367 4
-1
10 47
0 2020 3 1 195 0 2020 3
0 2020 3 1 114 0 2020 3
0 2020 3 1 148 0 2020 3
0 2020 3 1 186 0 2020 3
0 2020 3 1 179 0 2020 3
0 2020 3 1 159 0 2020 3
0 2020 3 1 107 0 2020 3
0 2020 3 1 110 0 2020 3
0 2020 3 1 104 0 2020 3
0 2020 3 1 189 0 2020 3
0 2020 3 1 192 0 2020 3
0 2020 3 1 132 0 2020 3
0 2020 3 1 120 0 2020 3
0 2020 3 1 167 0 2020 3
0 2020 3 1 140 0 2020 3
0 2020 3 1 140 0 2020 3
0 2020 3 1 151 0 2020 3
0 2020 3 1 115 0 2020 3
0 2020 3 1 108 0 2020 3
0 2020 3 1 141 0 2020 3
0 2020 3 1 181 0 2020 3
0 2020 3 1 118 0 2020 3
0 2020 3 1 119 0 2020 3
0 2020 3 1 119 0 2020 3
0 2020 3 1 124 0 2020 3
0 2020 3 1 190 0 2020 3
0 2020 3 1 190 0 2020 3
0 2020 3 1 163 0 2020 3
0 2020 3 1 194 0 2020 3
0 2020 3 1 153 0 2020 3
0 2020 3 1 191 0 2020 3
0 2020 3 1 191 0 2020 3
0 2020 3 1 161 0 2020 3
0 2020 3 1 102 0 2020 3
0 2020 3 1 111 0 2020 3
0 2020 3 1 143 0 2020 3
0 2020 3 1 131 0 2020 3
0 2020 3 1 183 0 2020 3
0 2020 3 1 177 0 2020 3
0 2020 3 1 150 0 2020 3
0 2020 3 1 174 0 2020 3
0 2020 3 1 116 0 2020 3
0 2020 3 1 158 0 2020 3
0 2020 3 1 146 0 2020 3
0 2020 3 1 154 0 2020 3
0 2020 3 1 154 0 2020 3
0 1889 763 2 169 0 1058 760 179 0 831 3
-1
11 48
0 1406 0 1 81 0 1406 0
0 1406 0 1 23 0 1406 0
0 1406 0 1 23 0 1406 0
0 1406 0 1 58 0 1406 0
0 1406 0 1 58 0 1406 0
0 1406 0 1 58 0 1406 0
0 1406 0 1 19 0 1406 0
0 1406 0 1 49 0 1406 0
0 1406 0 1 9 0 1406 0
0 1406 0 1 9 0 1406 0
0 1406 0 1 26 0 1406 0
0 1406 0 1 11 0 1406 0
0 1406 0 1 27 0 1406 0
0 1406 0 1 53 0 1406 0
0 1406 0 1 79 0 1406 0
0 1406 0 1 22 0 1406 0
0 1406 0 1 87 0 1406 0
0 1406 0 1 78 0 1406 0
0 1406 0 1 80 0 1406 0
0 1406 0 1 64 0 1406 0
0 1406 0 1 91 0 1406 0
0 1406 0 1 30 0 1406 0
0 1406 0 1 25 0 1406 0
0 1406 0 1 25 0 1406 0
0 1406 0 1 25 0 1406 0
0 1406 0 1 74 0 1406 0
0 1406 0 1 98 0 1406 0
0 1406 0 1 76 0 1406 0
0 1406 0 1 4 0 1406 0
0 1406 0 1 94 0 1406 0
0 1406 0 1 59 0 1406 0
0 1406 0 1 29 0 1406 0
0 1406 0 1 89 0 1406 0
0 1406 0 1 89 0 1406 0
0 1406 0 1 54 0 1406 0
0 1406 0 1 54 0 1406 0
0 1406 0 1 99 0 1406 0
0 1406 0 1 99 0 1406 0
0 1406 0 1 99 0 1406 0
0 1406 0 1 56 0 1406 0
0 1406 0 1 69 0 1406 0
0 1406 0 1 69 0 1406 0
0 1406 0 1 69 0 1406 0
0 1406 0 1 1 0 1406 0
0 1406 0 1 1 0 1406 0
0 1406 0 1 5 0 1406 0
0 992 1276 2 93 0 952 755 39 0 40 521
0 596 547 1 45 0 596 547
-1
12 48
0 1922 4 1 199 0 1922 4
0 1922 4 1 114 0 1922 4
0 1922 4 1 162 0 1922 4
0 1922 4 1 186 0 1922 4
0 1922 4 1 196 0 1922 4
0 1922 4 1 122 0 1922 4
0 1922 4 1 122 0 1922 4
0 1922 4 1 107 0 1922 4
0 1922 4 1 142 0 1922 4
0 1922 4 1 169 0 1922 4
0 1922 4 1 104 0 1922 4
0 1922 4 1 105 0 1922 4
0 1922 4 1 188 0 1922 4
0 1922 4 1 120 0 1922 4
0 1922 4 1 167 0 1922 4
0 1922 4 1 155 0 1922 4
0 1922 4 1 123 0 1922 4
0 1922 4 1 156 0 1922 4
0 1922 4 1 103 0 1922 4
0 1922 4 1 141 0 1922 4
0 1922 4 1 152 0 1922 4
0 1922 4 1 178 0 1922 4
0 1922 4 1 193 0 1922 4
0 1922 4 1 160 0 1922 4
0 1922 4 1 160 0 1922 4
0 1922 4 1 160 0 1922 4
0 1922 4 1 134 0 1922 4
0 1922 4 1 119 0 1922 4
0 1922 4 1 124 0 1922 4
0 1922 4 1 194 0 1922 4
0 1922 4 1 170 0 1922 4
0 1922 4 1 170 0 1922 4
0 1922 4 1 161 0 1922 4
0 1922 4 1 135 0 1922 4
0 1922 4 1 183 0 1922 4
0 1922 4 1 177 0 1922 4
0 1922 4 1 172 0 1922 4
0 1922 4 1 174 0 1922 4
0 1922 4 1 106 0 1922 4
0 1922 4 1 139 0 1922 4
0 1922 4 1 139 0 1922 4
0 1922 4 1 136 0 1922 4
0 1922 4 1 158 0 1922 4
0 1922 4 1 154 0 1922 4
0 1922 4 1 130 0 1922 4
0 1922 4 1 145 0 1922 4
0 1037 938 1 122 0 1037 938
0 503 780 1 162 0 503 780
-1
13 50
0 1935 0 1 81 0 1935 0
0 1935 0 1 45 0 1935 0
0 1935 0 1 58 0 1935 0
0 1935 0 1 82 0 1935 0
0 1935 0 1 19 0 1935 0
0 1935 0 1 19 0 1935 0
0 1935 0 1 18 0 1935 0
0 1935 0 1 9 0 1935 0
0 1935 0 1 31 0 1935 0
0 1935 0 1 11 0 1935 0
0 1935 0 1 47 0 1935 0
0 1935 0 1 93 0 1935 0
0 1935 0 1 93 0 1935 0
0 1935 0 1 57 0 1935 0
0 1935 0 1 57 0 1935 0
0 1935 0 1 7 0 1935 0
0 1935 0 1 7 0 1935 0
0 1935 0 1 79 0 1935 0
0 1935 0 1 22 0 1935 0
0 1935 0 1 22 0 1935 0
0 1935 0 1 72 0 1935 0
0 1935 0 1 91 0 1935 0
0 1935 0 1 91 0 1935 0
0 1935 0 1 83 0 1935 0
0 1935 0 1 76 0 1935 0
0 1935 0 1 35 0 1935 0
0 1935 0 1 63 0 1935 0
0 1935 0 1 34 0 1935 0
0 1935 0 1 10 0 1935 0
0 1935 0 1 10 0 1935 0
0 1935 0 1 43 0 1935 0
0 1935 0 1 52 0 1935 0
0 1935 0 1 52 0 1935 0
0 1935 0 1 24 0 1935 0
0 1935 0 1 100 0 1935 0
0 1935 0 1 66 0 1935 0
0 1935 0 1 66 0 1935 0
0 1935 0 1 41 0 1935 0
0 1935 0 1 62 0 1935 0
0 1935 0 1 96 0 1935 0
0 1935 0 1 96 0 1935 0
0 1935 0 1 20 0 1935 0
0 1935 0 1 32 0 1935 0
0 1935 0 1 15 0 1935 0
0 1935 0 1 46 0 1935 0
0 1935 0 1 75 0 1935 0
0 1935 0 1 99 0 1935 0
0 1935 0 1 33 0 1935 0
0 1798 795 2 82 0 1089 794 81 0 709 1
0 178 798 1 81 0 178 798
-1
14 46
0 1822 4 1 195 0 1822 4
0 1822 4 1 114 0 1822 4
0 1822 4 1 162 0 1822 4
0 1822 4 1 148 0 1822 4
0 1822 4 1 166 0 1822 4
0 1822 4 1 159 0 1822 4
0 1822 4 1 159 0 1822 4
0 1822 4 1 197 0 1822 4
0 1822 4 1 197 0 1822 4
0 1822 4 1 105 0 1822 4
0 1822 4 1 133 0 1822 4
0 1822 4 1 189 0 1822 4
0 1822 4 1 132 0 1822 4
0 1822 4 1 132 0 1822 4
0 1822 4 1 149 0 1822 4
0 1822 4 1 123 0 1822 4
0 1822 4 1 101 0 1822 4
0 1822 4 1 101 0 1822 4
0 1822 4 1 101 0 1822 4
0 1822 4 1 165 0 1822 4
0 1822 4 1 181 0 1822 4
0 1822 4 1 178 0 1822 4
0 1822 4 1 176 0 1822 4
0 1822 4 1 193 0 1822 4
0 1822 4 1 171 0 1822 4
0 1822 4 1 171 0 1822 4
0 1822 4 1 134 0 1822 4
0 1822 4 1 124 0 1822 4
0 1822 4 1 190 0 1822 4
0 1822 4 1 138 0 1822 4
0 1822 4 1 102 0 1822 4
0 1822 4 1 173 0 1822 4
0 1822 4 1 143 0 1822 4
0 1822 4 1 113 0 1822 4
0 1822 4 1 174 0 1822 4
0 1822 4 1 106 0 1822 4
0 1822 4 1 146 0 1822 4
0 1822 4 1 130 0 1822 4
0 1822 4 1 168 0 1822 4
0 1822 4 1 187 0 1822 4
0 1822 4 1 109 0 1822 4
0 1822 4 1 109 0 1822 4
0 1822 4 1 109 0 1822 4
0 1822 4 1 185 0 1822 4
0 1822 4 1 185 0 1822 4
0 1677 846 2 120 0 1155 844 180 0 522 2
-1
15 47
0 1232 4 1 45 0 1232 4
0 1232 4 1 45 0 1232 4
0 1232 4 1 39 0 1232 4
0 1232 4 1 19 0 1232 4
0 1232 4 1 49 0 1232 4
0 1232 4 1 18 0 1232 4
0 1232 4 1 55 0 1232 4
0 1232 4 1 42 0 1232 4
0 1232 4 1 9 0 1232 4
0 1225 45 1 37 0 1225 45
0 1232 4 1 47 0 1232 4
0 1232 4 1 27 0 1232 4
0 1232 4 1 97 0 1232 4
0 1232 4 1 97 0 1232 4
0 1232 4 1 97 0 1232 4
0 1232 4 1 79 0 1232 4
0 1232 4 1 72 0 1232 4
0 1232 4 1 72 0 1232 4
0 1232 4 1 78 0 1232 4
0 1232 4 1 67 0 1232 4
0 1232 4 1 91 0 1232 4
0 1213 114 1 11 0 1213 114
0 1232 4 1 16 0 1232 4
0 1232 4 1 10 0 1232 4
0 1232 4 1 40 0 1232 4
0 1232 4 1 40 0 1232 4
0 1232 4 1 52 0 1232 4
0 1231 10 1 40 0 1231 10
0 1232 4 1 68 0 1232 4
0 1232 4 1 50 0 1232 4
0 1232 4 1 59 0 1232 4
0 1232 4 1 41 0 1232 4
0 1232 4 1 29 0 1232 4
0 1232 4 1 62 0 1232 4
0 1232 4 1 73 0 1232 4
0 1232 4 1 15 0 1232 4
0 1232 4 1 75 0 1232 4
0 1207 149 1 3 0 1207 149
0 1232 4 1 38 0 1232 4
0 1232 4 1 69 0 1232 4
0 1232 4 1 1 0 1232 4
0 1232 4 1 1 0 1232 4
0 1232 4 1 86 0 1232 4
0 1232 4 1 14 0 1232 4
0 1232 4 1 71 0 1232 4
0 1127 614 2 42 0 905 610 31 0 222 4
0 0 596 1 37 0 0 596
-1
