1 26
2187 0 286 1 418 2187 0 286
2191 0 266 2 1134 2191 0 265 384 0 0 1
2195 0 246 2 9 2195 0 244 29 0 0 2
2189 0 276 2 904 2189 0 272 906 0 0 4
2195 0 246 1 945 2195 0 246
2189 0 276 2 83 2189 0 275 1185 0 0 1
2194 0 251 2 30 2194 0 249 106 0 0 2
2194 0 251 2 149 2194 0 248 85 0 0 3
2193 0 256 2 592 2193 0 252 716 0 0 4
2194 0 251 2 717 2194 0 249 317 0 0 2
2195 0 246 1 146 2195 0 246
2194 0 251 2 1084 2194 0 248 1137 0 0 3
2195 0 246 2 1136 2195 0 244 1174 0 0 2
2194 0 251 2 598 2194 0 247 1091 0 0 4
2195 0 246 2 6 2195 0 245 531 0 0 1
2194 0 251 2 277 2194 0 247 708 0 0 4
2194 0 251 2 523 2194 0 248 621 0 0 3
2194 0 251 1 902 2194 0 251
2178 0 332 2 495 2178 0 242 376 0 0 90
2152 0 463 3 283 2106 0 234 510 46 0 227 660 0 0 2
2171 0 367 3 678 1935 0 215 811 236 0 150 1167 0 0 2
1490 0 0 3 1169 1362 0 0 7 101 0 0 825 27 0 0
2195 0 244 2 332 1395 0 117 914 800 0 127
2186 0 287 2 179 1431 0 155 504 755 0 132
1567 0 0 2 805 1336 0 0 647 231 0 0
1712 0 1 3 792 1161 0 1 635 390 0 0 1013 161 0 0
-1
2 23
2169 0 288 1 1109 2169 0 288
2176 0 252 1 1016 2176 0 252
2172 0 273 1 943 2172 0 273
2177 0 247 2 910 2177 0 244 450 0 0 3
2177 0 247 2 292 2177 0 245 1020 0 0 2
2168 0 293 2 39 2168 0 291 99 0 0 2
2178 0 242 2 935 2178 0 241 309 0 0 1
2176 0 252 2 844 2176 0 248 1145 0 0 4
2172 0 273 2 1175 2172 0 272 522 0 0 1
2172 0 273 1 867 2172 0 273
2175 0 257 2 750 2175 0 253 937 0 0 4
2175 0 257 2 881 2175 0 253 880 0 0 4
2178 0 242 1 137 2178 0 242
2177 0 247 2 460 2177 0 245 67 0 0 2
2177 0 247 2 198 2177 0 244 1105 0 0 3
2175 0 257 2 1009 2175 0 254 1052 0 0 3
2161 0 328 2 796 1620 0 180 1029 541 0 148
2158 0 343 2 224 1602 0 178 1153 556 0 165
2197 0 146 3 630 1497 0 0 582 700 0 143 237 0 0 3
2203 0 116 3 329 1394 0 0 876 809 0 112 342 0 0 4
2206 0 101 2 187 1309 0 0 1176 897 0 101
2226 0 0 2 758 1207 0 0 859 1019 0 0
2183 0 217 3 838 981 0 109 672 972 0 108 943 230 0 0
-1
3 26
2014 0 239 1 681 2014 0 239
2016 0 229 2 761 2016 0 226 759 0 0 3
2007 0 275 2 306 2007 0 223 361 0 0 52
2007 0 275 2 812 2007 0 223 657 0 0 52
2016 0 229 2 912 2016 0 226 552 0 0 3
2015 0 234 2 534 2015 0 231 158 0 0 3
2016 0 229 2 471 2016 0 228 305 0 0 1
2016 0 229 2 15 2016 0 228 522 0 0 1
2016 0 229 2 1186 2016 0 225 837 0 0 4
2015 0 234 2 704 2015 0 230 192 0 0 4
2007 0 275 2 957 2007 0 223 192 0 0 52
2016 0 229 2 1004 2016 0 224 759 0 0 5
2016 0 229 2 372 2016 0 225 854 0 0 4
2016 0 229 2 10 2016 0 220 437 0 0 9
2016 0 229 2 952 2016 0 225 525 0 0 4
2007 0 275 2 1128 2007 0 223 913 0 0 52
2017 0 224 2 346 2017 0 223 899 0 0 1
2016 0 229 2 296 2016 0 226 361 0 0 3
1980 0 411 3 316 1962 0 218 574 18 0 189 1096 0 0 4
2018 0 215 2 1119 1224 0 115 1102 794 0 100
2012 0 247 2 903 1224 0 136 124 788 0 111
2061 0 0 2 1132 1179 0 0 811 882 0 0
2061 0 0 2 402 1088 0 0 414 973 0 0
2061 0 0 2 221 1163 0 0 1153 898 0 0
2041 0 100 3 464 1102 0 0 565 900 0 100 231 39 0 0
1459 0 0 4 1029 791 0 0 757 323 0 0 641 292 0 0 35 53 0 0
-1
4 27
1666 0 191 1 35 1666 0 191
1664 0 202 2 655 1664 0 201 1060 0 0 1
1665 0 197 2 155 1665 0 195 19 0 0 2
1661 0 218 2 641 1661 0 217 1 0 0 1
1666 0 192 2 890 1666 0 188 1048 0 0 4
1665 0 197 2 427 1665 0 195 519 0 0 2
1666 0 192 2 72 1666 0 188 206 0 0 4
1665 0 197 2 252 1665 0 196 820 0 0 1
1663 0 207 2 694 1663 0 204 533 0 0 3
1667 0 187 1 232 1667 0 187
1660 0 223 2 544 1660 0 220 85 0 0 3
1667 0 187 2 430 1667 0 186 690 0 0 1
1667 0 187 1 343 1667 0 187
1665 0 197 2 473 1665 0 193 1155 0 0 4
1667 0 187 2 119 1667 0 185 968 0 0 2
1666 0 192 2 719 1666 0 188 196 0 0 4
1666 0 192 2 650 1666 0 190 1120 0 0 2
1647 0 288 2 145 1647 0 183 514 0 0 105
1681 0 117 2 1174 1305 0 13 921 376 0 104
1643 0 309 3 337 1395 0 155 464 248 0 150 854 0 0 4
1646 0 290 2 123 1350 0 149 256 296 0 141
1651 0 266 2 996 1287 0 142 390 364 0 124
1648 0 281 2 1177 1314 0 146 136 334 0 135
1682 0 111 2 1007 1351 0 0 757 331 0 111
1651 0 268 2 714 1260 0 140 1127 391 0 128
1664 0 201 2 642 1017 0 113 1195 647 0 88
1683 0 104 2 744 972 0 104 1114 711 0 0
-1
5 23
2451 0 289 1 703 2451 0 289
2453 0 279 2 324 2453 0 277 92 0 0 2
2450 0 294 2 845 2450 0 291 448 0 0 3
2452 0 284 2 990 2452 0 280 104 0 0 4
2453 0 279 1 584 2453 0 279
2452 0 284 2 1108 2452 0 281 26 0 0 3
2450 0 293 1 1170 2450 0 293
2453 0 279 2 513 2453 0 276 570 0 0 3
2450 0 294 2 45 2450 0 291 318 0 0 3
2453 0 279 1 1055 2453 0 279
2451 0 289 2 752 2451 0 285 279 0 0 4
2449 0 299 1 350 2449 0 299
2453 0 279 2 911 2453 0 275 1144 0 0 4
2454 0 274 2 130 2454 0 273 134 0 0 1
2420 0 446 2 225 2124 0 236 967 296 0 210
2426 0 416 3 821 2007 0 223 488 419 0 190 525 0 0 3
2450 0 294 3 901 1854 0 143 87 596 0 150 1167 0 0 1
2437 0 360 3 167 1764 0 191 1151 673 0 168 1143 0 0 1
2454 0 273 2 1077 1575 0 175 291 879 0 98
2466 0 212 2 73 1422 0 95 738 1044 0 117
2454 0 273 2 127 1287 0 143 1014 1167 0 130
2456 0 262 3 229 1278 0 141 840 1089 0 121 310 89 0 0
2487 0 105 3 202 1197 0 0 567 945 0 105 757 345 0 0
-1
6 26
1780 61 251 1 949 1780 61 251
1785 61 231 2 1129 1785 61 222 693 0 0 9
1788 61 215 2 980 1788 61 206 560 0 0 9
1787 61 220 2 163 1787 61 211 104 0 0 9
1786 61 226 2 472 1786 61 220 546 0 0 6
1787 61 220 2 491 1787 61 211 1142 0 0 9
1788 61 215 2 58 1788 61 207 576 0 0 8
1788 61 215 2 371 1788 61 207 1119 0 0 8
1786 61 226 2 517 1786 61 221 602 0 0 5
1786 61 226 2 379 1786 61 216 1142 0 0 10
1785 61 231 2 613 1785 61 222 968 0 0 9
1788 61 215 2 341 1788 61 208 330 0 0 7
1787 61 220 2 1095 1787 61 211 294 0 0 9
1787 61 220 2 161 1787 61 214 1119 0 0 6
1789 56 302 2 1076 1789 56 201 763 0 0 101
1947 10 352 3 986 1647 0 183 159 300 10 158 178 0 0 11
1945 12 325 3 1123 1593 0 177 114 352 12 145 876 0 0 3
1936 15 315 3 837 1485 0 161 1114 451 15 145 332 0 0 9
1924 20 284 3 421 1314 0 146 317 610 20 120 1195 0 0 18
1949 24 79 3 661 1224 0 79 985 723 24 0 1185 2 0 0
1951 21 129 3 1072 1319 0 0 76 632 21 114 129 0 0 15
1908 28 212 2 1000 1089 0 117 585 819 28 95
1930 28 104 3 360 1099 0 0 931 829 28 104 13 2 0 0
1906 28 226 2 482 1089 0 121 1120 817 28 105
2034 5 0 3 662 1039 0 0 254 847 0 0 833 148 5 0
2038 4 0 7 496 552 0 0 741 521 0 0 114 452 0 0 876 226 0 0 411 151 0 0 1018 134 4 0 1101 2 0 0
-1
7 23
2009 0 249 1 647 2009 0 249
2013 0 229 2 683 2013 0 226 1194 0 0 3
2012 0 234 2 727 2012 0 232 890 0 0 2
2013 0 229 2 797 2013 0 225 1088 0 0 4
2014 0 224 1 984 2014 0 224
2007 0 259 2 988 2007 0 219 104 0 0 40
2013 0 229 1 1148 2013 0 229
2013 0 229 2 1168 2013 0 226 891 0 0 3
2013 0 229 2 23 2013 0 225 179 0 0 4
2014 0 224 1 786 2014 0 224
2013 0 229 2 1071 2013 0 227 99 0 0 2
2012 0 234 2 669 2012 0 231 456 0 0 3
2013 0 229 2 587 2013 0 225 1143 0 0 4
2013 0 229 2 620 2013 0 227 436 0 0 2
2011 0 239 2 489 2011 0 237 735 0 0 2
1996 0 314 2 982 1656 0 184 556 340 0 130
2028 0 153 3 918 1645 0 0 293 383 0 152 151 0 0 1
1998 0 301 2 509 1422 0 158 403 576 0 143
1999 0 299 3 1146 1386 0 154 89 613 0 141 465 0 0 4
2009 0 249 2 785 1179 0 131 793 830 0 118
2017 0 208 2 436 1125 0 123 129 892 0 85
2008 0 254 3 257 1197 0 133 1184 811 0 119 333 0 0 2
2058 0 0 3 319 1123 0 0 1073 666 0 0 665 269 0 0
-1
8 34
1545 0 272 2 239 1545 0 269 906 0 0 3
1563 0 181 2 108 1563 0 180 434 0 0 1
1538 0 307 2 1098 1512 0 168 1194 26 0 139
1564 0 176 1 284 1564 0 176
1563 0 181 1 18 1563 0 181
1563 0 181 2 351 1563 0 179 285 0 0 2
1541 0 292 2 49 1521 0 166 19 20 0 126
1564 0 176 2 92 1564 0 174 104 0 0 2
1550 0 243 2 1106 1494 0 112 1060 56 0 131
1542 0 287 3 570 1530 0 144 603 12 0 141 384 0 0 2
1541 0 292 3 36 1476 0 161 278 65 0 127 602 0 0 4
1539 0 302 2 309 1539 0 164 1054 0 0 138
1539 0 302 3 973 1521 0 169 26 18 0 129 1185 0 0 4
1570 0 146 1 413 1570 0 146
1536 0 318 3 182 1485 0 163 1169 51 0 151 602 0 0 4
1543 0 281 3 639 1485 0 152 99 58 0 128 104 0 0 1
1564 0 176 2 829 1564 0 175 525 0 0 1
1539 0 302 3 552 1485 0 158 461 54 0 142 297 0 0 2
1546 0 267 3 370 1422 0 154 693 124 0 111 792 0 0 2
1537 0 309 2 937 1530 0 163 709 7 0 146
1536 0 318 3 898 1494 0 165 286 42 0 150 1048 0 0 3
1568 0 153 2 358 1377 0 153 1024 191 0 0
1553 0 232 2 606 1215 0 130 748 338 0 102
1548 0 256 2 235 1305 0 145 1051 243 0 111
1577 0 106 2 219 1125 0 106 1090 452 0 0
1578 0 104 2 488 1291 0 0 842 287 0 104
1549 0 251 2 170 1269 0 141 141 280 0 110
1555 0 222 2 700 1188 0 129 320 367 0 93
1551 0 240 2 851 1215 0 133 407 336 0 107
1578 0 105 2 1144 1026 0 105 114 552 0 0
1577 0 107 2 810 1192 0 0 298 385 0 107
1598 0 0 2 241 1011 0 0 748 587 0 0
1575 0 119 2 739 1071 0 119 1096 504 0 0
780 0 0 3 823 325 0 0 728 243 0 0 53 212 0 0
-1
9 23
2151 0 286 1 825 2151 0 286
2157 0 259 2 654 2157 0 255 104 0 0 4
2160 0 244 2 779 2160 0 242 583 0 0 2
2148 0 304 2 496 2148 0 300 105 0 0 4
2158 0 254 2 263 2158 0 252 1088 0 0 2
2157 0 259 2 109 2157 0 256 141 0 0 3
2158 0 254 1 721 2158 0 254
2157 0 259 1 318 2157 0 259
2160 0 244 1 312 2160 0 244
2159 0 249 2 1149 2159 0 247 94 0 0 2
2158 0 254 2 855 2158 0 251 533 0 0 3
2159 0 249 1 366 2159 0 249
2160 0 244 2 251 2160 0 240 85 0 0 4
2158 0 254 2 499 2158 0 252 502 0 0 2
2151 0 289 2 618 2151 0 239 94 0 0 50
2160 0 244 2 917 2160 0 241 333 0 0 3
2158 0 254 2 615 2158 0 252 434 0 0 2
2132 0 385 2 383 1881 0 209 1007 251 0 176
2136 0 365 3 674 1674 0 186 774 462 0 176 673 0 0 3
2146 0 314 3 67 1512 0 160 1113 634 0 151 560 0 0 3
2180 0 143 2 116 1671 0 0 117 509 0 143
2159 0 246 2 106 1323 0 144 956 836 0 102
2181 0 136 2 43 1521 0 0 589 660 0 136
-1
10 28
1640 0 224 2 960 1640 0 220 104 0 0 4
1647 0 188 2 282 1647 0 187 1169 0 0 1
1644 0 204 1 764 1644 0 204
1645 0 198 2 269 1645 0 195 560 0 0 3
1647 0 188 2 972 1647 0 183 434 0 0 5
1645 0 198 1 205 1645 0 198
1646 0 193 2 1173 1646 0 192 211 0 0 1
1642 0 214 1 826 1642 0 214
1647 0 188 1 459 1647 0 188
1638 0 234 2 624 1638 0 182 560 0 0 52
1647 0 188 2 648 1647 0 185 1155 0 0 3
1646 0 193 1 953 1646 0 193
1647 0 188 2 679 1647 0 187 716 0 0 1
1647 0 188 2 601 1647 0 185 279 0 0 3
1646 0 193 2 1085 1646 0 191 1088 0 0 2
1647 0 188 2 81 1647 0 183 376 0 0 5
1647 0 188 2 856 1647 0 178 998 0 0 10
1632 0 263 2 437 1386 0 144 823 246 0 119
1684 0 0 2 1194 1288 0 0 825 396 0 0
1634 0 253 2 40 1269 0 141 417 365 0 112
1656 0 143 2 400 1170 0 43 899 486 0 100
1666 0 90 2 813 1255 0 0 546 411 0 90
1636 0 243 2 801 1206 0 134 352 430 0 109
1638 0 234 2 405 1179 0 128 1096 459 0 106
1684 0 0 2 743 1189 0 0 572 495 0 0
1640 0 224 2 894 1098 0 122 1053 542 0 102
1636 0 243 2 735 1134 0 124 458 502 0 119
1663 0 103 2 261 963 0 103 963 700 0 0
-1
11 23
2295 0 262 2 38 2295 0 259 285 0 0 3
2296 0 257 2 847 2296 0 256 560 0 0 1
2295 0 262 2 52 2295 0 259 413 0 0 3
2294 0 267 2 95 2294 0 264 538 0 0 3
2296 0 257 1 339 2296 0 257
2294 0 267 1 486 2294 0 267
2286 0 307 2 807 2286 0 254 646 0 0 53
2294 0 267 2 243 2294 0 263 201 0 0 4
2293 0 272 1 177 2293 0 272
2296 0 257 1 217 2296 0 257
2296 0 257 2 659 2296 0 256 297 0 0 1
2295 0 262 2 2 2295 0 255 333 0 0 7
2294 0 267 2 1017 2294 0 265 917 0 0 2
2294 0 267 1 323 2294 0 267
2295 0 262 1 165 2295 0 262
2295 0 262 2 134 2295 0 258 1019 0 0 4
2295 0 262 2 941 2295 0 259 870 0 0 3
2296 0 257 1 724 2296 0 257
2298 0 245 2 377 1440 0 120 968 858 0 125
2330 0 82 2 657 1242 0 82 19 1088 0 0
2301 0 229 2 474 1278 0 137 297 1023 0 92
2286 0 307 3 802 1125 0 125 201 1161 0 125 237 0 0 57
2346 0 0 3 490 1158 0 0 682 970 0 0 249 218 0 0
-1
12 25
2120 0 288 2 273 2120 0 287 419 0 0 1
2125 0 263 2 938 2125 0 259 104 0 0 4
2130 0 237 1 448 2130 0 237
2130 0 237 1 185 2130 0 237
2127 0 252 1 1070 2127 0 252
2128 0 248 1 150 2128 0 248
2128 0 248 2 839 2128 0 244 906 0 0 4
2126 0 258 2 1179 2126 0 255 792 0 0 3
2125 0 263 1 469 2125 0 263
2126 0 258 2 180 2126 0 257 551 0 0 1
2118 0 298 2 611 2118 0 296 288 0 0 2
2129 0 242 1 695 2129 0 242
2127 0 253 1 688 2127 0 253
2127 0 253 1 1030 2127 0 253
2125 0 263 2 120 2125 0 261 856 0 0 2
2125 0 263 2 979 2125 0 259 445 0 0 4
2128 0 248 2 685 2128 0 243 289 0 0 5
2129 0 242 2 806 2129 0 240 193 0 0 2
2129 0 242 2 230 2129 0 239 141 0 0 3
2097 0 404 3 666 1899 0 209 43 198 0 191 924 0 0 4
2114 0 318 3 481 1584 0 172 1162 530 0 142 113 0 0 4
2115 0 309 2 1178 1512 0 168 1073 603 0 141
2120 0 288 2 174 1404 0 155 578 716 0 133
2132 0 224 3 1078 1107 0 123 525 981 0 101 1173 44 0 0
232 0 0 1 769 232 0 0
-1
13 26
1855 0 248 2 1003 1855 0 244 348 0 0 4
1861 0 218 1 7 1861 0 218
1854 0 253 2 974 1854 0 206 1106 0 0 47
1861 0 218 2 97 1861 0 215 1185 0 0 3
1862 0 213 1 1066 1862 0 213
1861 0 218 2 538 1861 0 215 348 0 0 3
1859 0 228 2 190 1859 0 225 278 0 0 3
1863 0 208 2 295 1863 0 207 432 0 0 1
1860 0 223 2 216 1860 0 219 519 0 0 4
1860 0 223 2 747 1860 0 220 595 0 0 3
1862 0 213 2 54 1862 0 212 420 0 0 1
1860 0 223 2 689 1860 0 221 104 0 0 2
1861 0 218 1 908 1861 0 218
1863 0 207 2 171 1863 0 206 792 0 0 1
1861 0 218 2 1033 1861 0 214 189 0 0 4
1860 0 223 2 892 1860 0 220 320 0 0 3
1862 0 213 2 375 1862 0 210 490 0 0 3
1862 0 213 2 101 1862 0 211 219 0 0 2
1841 0 319 3 770 1674 0 186 662 167 0 129 1048 0 0 4
1839 0 326 2 636 1629 0 181 490 210 0 145
1836 0 344 3 873 1638 0 182 1038 198 0 158 237 0 0 4
1846 0 293 3 1111 1476 0 164 725 370 0 127 646 0 0 2
1847 0 288 3 279 1440 0 153 963 407 0 131 1048 0 0 4
1844 0 304 3 946 1404 0 156 254 440 0 143 662 0 0 5
1879 0 127 2 162 1588 0 0 444 291 0 127
1882 0 112 3 286 1317 0 0 632 565 0 107 1048 0 0 5
-1
14 23
2160 0 260 2 909 2160 0 258 29 0 0 2
2161 0 254 2 1075 2161 0 250 1106 0 0 4
2163 0 243 1 1097 2163 0 243
2162 0 249 2 934 2162 0 246 361 0 0 3
2152 0 300 2 741 2152 0 297 1088 0 0 3
2161 0 254 2 580 2161 0 251 906 0 0 3
2162 0 249 2 1110 2162 0 246 937 0 0 3
2161 0 254 2 1064 2161 0 250 33 0 0 4
2162 0 249 2 503 2162 0 245 490 0 0 4
2161 0 254 2 848 2161 0 253 560 0 0 1
2161 0 254 2 818 2161 0 253 14 0 0 1
2159 0 265 1 91 2159 0 265
2162 0 249 2 895 2162 0 246 348 0 0 3
2161 0 254 1 60 2161 0 254
2161 0 254 2 233 2161 0 253 405 0 0 1
2163 0 244 2 686 2163 0 242 666 0 0 2
2136 0 380 2 713 2043 0 227 415 93 0 153
2127 0 426 3 455 1953 0 217 116 174 0 205 465 0 0 4
2133 0 396 3 870 1953 0 214 382 180 0 181 718 0 0 1
2138 0 371 3 868 1836 0 204 1166 302 0 164 1105 0 0 3
2140 0 361 3 631 1701 0 189 265 439 0 168 1167 0 0 4
2145 0 335 3 819 1629 0 181 424 516 0 153 434 0 0 1
2153 0 295 3 940 1530 0 170 25 623 0 123 718 0 0 2
-1
15 24
2361 0 265 2 335 2361 0 263 104 0 0 2
2360 0 270 2 566 2360 0 269 348 0 0 1
2357 0 285 2 558 2357 0 284 450 0 0 1
2358 0 280 2 1181 2358 0 279 83 0 0 1
2358 0 280 2 20 2358 0 277 1174 0 0 3
2358 0 280 2 505 2358 0 278 409 0 0 2
2360 0 270 2 449 2360 0 266 289 0 0 4
2360 0 270 2 96 2360 0 269 242 0 0 1
2359 0 275 1 729 2359 0 275
2359 0 275 2 13 2359 0 274 740 0 0 1
2359 0 275 2 1086 2359 0 274 639 0 0 1
2358 0 280 2 404 2358 0 276 346 0 0 4
2361 0 265 2 915 2361 0 263 851 0 0 2
2359 0 275 1 110 2359 0 275
2360 0 270 2 290 2360 0 267 830 0 0 3
2345 0 346 3 1196 1629 0 181 353 716 0 161 297 0 0 4
2360 0 268 2 285 1332 0 139 399 1028 0 129
2375 0 194 2 294 1350 0 141 716 1025 0 53
2360 0 266 2 59 1386 0 153 289 974 0 113
2389 0 123 2 189 1408 0 0 139 981 0 123
2381 0 161 2 763 1296 0 43 456 1085 0 118
2362 0 260 3 355 1287 0 143 512 1075 0 115 514 0 0 2
2387 0 131 2 415 1329 0 0 614 1058 0 131
1143 0 0 2 854 883 0 0 1188 260 0 0
-1
16 23
2399 1 302 2 281 2399 1 299 348 0 0 3
2404 1 277 2 487 2404 1 276 1169 0 0 1
2400 1 297 2 794 2400 1 292 278 0 0 5
2405 1 272 2 300 2405 1 269 595 0 0 3
2399 1 302 2 927 2399 1 298 592 0 0 4
2401 1 292 2 699 2401 1 291 1165 0 0 1
2405 1 272 2 340 2405 1 269 202 0 0 3
2404 1 277 2 879 2404 1 273 492 0 0 4
2405 1 272 2 983 2405 1 268 1054 0 0 4
2404 1 277 2 207 2404 1 275 576 0 0 2
2405 1 272 2 884 2405 1 268 187 0 0 4
2386 0 386 3 1200 1926 0 214 772 460 0 164 342 0 0 8
2386 0 386 3 260 1926 0 214 475 460 0 164 32 0 0 8
2390 0 366 3 153 1854 0 206 985 536 0 152 1185 0 0 8
2389 0 371 3 303 1737 0 193 987 652 0 170 240 0 0 8
2392 0 356 3 93 1638 0 182 594 754 0 164 289 0 0 10
2408 0 273 3 576 1413 0 143 536 993 0 130 29 2 0 0
2399 0 320 3 835 1467 0 163 773 932 0 146 1145 0 0 11
2408 0 275 3 976 1395 0 154 151 1013 0 110 342 0 0 11
2403 0 300 3 357 1395 0 154 1010 1008 0 137 219 0 0 9
2434 0 140 3 1137 1314 0 140 690 1095 0 0 477 25 0 0
2433 0 144 3 539 1305 0 144 209 979 0 0 1035 149 0 0
2012 0 131 6 1103 1179 0 131 589 564 0 0 590 190 0 0 1023 53 0 0 97 22 0 0 1185 4 0 0
-1
17 27
1547 0 252 2 1090 1547 0 247 896 0 0 5
1560 0 183 1 315 1560 0 183
1560 0 186 2 753 1560 0 183 906 0 0 3
1561 0 181 2 28 1561 0 179 602 0 0 2
1559 0 191 2 411 1559 0 190 453 0 0 1
1556 0 206 2 822 1556 0 204 104 0 0 2
1560 0 186 2 270 1560 0 184 206 0 0 2
1561 0 181 2 656 1561 0 180 42 0 0 1
1559 0 191 2 644 1559 0 189 1105 0 0 2
1557 0 201 2 537 1557 0 173 533 0 0 28
1539 0 292 2 272 1539 0 171 1174 0 0 121
1562 0 176 1 820 1562 0 176
1561 0 181 2 1046 1561 0 178 560 0 0 3
1539 0 292 2 85 1539 0 161 98 0 0 131
1562 0 176 2 581 1562 0 174 141 0 0 2
1562 0 176 2 865 1562 0 172 1131 0 0 4
1535 0 312 3 925 1512 0 168 813 23 0 142 514 0 0 2
1538 0 297 3 737 1440 0 160 360 98 0 133 632 0 0 4
1547 0 250 2 955 1395 0 153 551 152 0 97
1571 0 130 3 767 1562 0 0 202 9 0 128 956 0 0 2
1539 0 291 2 563 1404 0 156 388 135 0 135
1563 0 170 2 77 1350 0 63 365 213 0 107
1540 0 287 3 1041 1368 0 152 157 172 0 131 1135 0 0 4
1544 0 265 2 691 1251 0 136 194 293 0 129
1549 0 240 2 443 1215 0 132 128 334 0 108
1552 0 222 2 57 1098 0 122 732 454 0 100
1347 0 0 4 667 669 0 0 822 289 0 0 463 219 0 0 262 170 0 0
-1
18 22
2488 0 297 2 304 2488 0 295 348 0 0 2
2489 0 292 2 961 2489 0 291 1060 0 0 1
2491 0 282 2 575 2491 0 279 1056 0 0 3
2488 0 297 1 394 2488 0 297
2488 0 297 2 374 2488 0 295 72 0 0 2
2491 0 282 2 164 2491 0 280 34 0 0 2
2491 0 282 2 368 2491 0 280 585 0 0 2
2491 0 282 2 356 2491 0 279 390 0 0 3
2491 0 282 1 920 2491 0 282
2491 0 282 1 965 2491 0 282
2489 0 292 1 557 2489 0 292
2490 0 287 2 554 2490 0 284 854 0 0 3
2491 0 282 2 302 2491 0 281 416 0 0 1
2491 0 282 2 84 2491 0 281 510 0 0 1
2487 0 302 2 864 2487 0 298 981 0 0 4
2458 0 449 3 51 2124 0 236 1006 334 0 212 1105 0 0 1
2466 0 408 3 142 2070 0 230 1132 396 0 174 576 0 0 4
2473 0 373 3 416 1845 0 204 79 628 0 168 1058 0 0 1
2480 0 337 3 882 1746 0 194 1156 734 0 142 573 0 0 1
2197 0 168 5 640 1512 0 168 914 343 0 0 794 227 0 0 487 79 0 0 282 36 0 0
2517 0 150 3 522 1332 0 142 98 1185 0 6 994 0 0 2
2536 0 54 3 560 1170 0 54 693 1046 0 0 418 320 0 0
-1
19 25
2070 0 293 1 1027 2070 0 293
2080 0 243 2 11 2080 0 240 348 0 0 3
2082 0 233 1 1001 2082 0 233
2079 0 248 2 1065 2079 0 231 99 0 0 17
2079 0 248 1 999 2079 0 248
2082 0 233 1 516 2082 0 233
2088 0 202 1 871 2088 0 202
2079 0 248 2 307 2079 0 231 409 0 0 17
2081 0 238 2 244 2081 0 234 546 0 0 4
2082 0 233 2 34 2082 0 231 744 0 0 2
2081 0 238 2 228 2081 0 235 432 0 0 3
2080 0 243 2 103 2080 0 239 944 0 0 4
2070 0 293 2 369 2070 0 230 73 0 0 63
2082 0 233 2 210 2082 0 232 114 0 0 1
2082 0 233 2 115 2082 0 232 305 0 0 1
2082 0 233 1 836 2082 0 233
2082 0 233 2 883 2082 0 232 240 0 0 1
2081 0 238 2 1028 2081 0 234 626 0 0 4
2070 0 293 2 775 2070 0 230 135 0 0 63
2081 0 238 2 1008 2081 0 234 777 0 0 4
2082 0 233 2 126 2082 0 231 1174 0 0 2
2070 0 293 2 1133 2070 0 230 901 0 0 63
2045 0 420 3 1052 1971 0 216 1044 74 0 199 1105 0 0 5
2055 0 369 3 995 1890 0 210 1122 165 0 156 151 0 0 3
430 0 0 2 731 418 0 0 213 12 0 0
-1
20 25
1577 0 201 1 769 1577 0 201
1574 0 220 1 479 1574 0 220
1582 0 180 2 872 1582 0 177 906 0 0 3
1582 0 180 2 600 1582 0 177 26 0 0 3
1575 0 215 1 1056 1575 0 215
1573 0 225 2 665 1573 0 222 99 0 0 3
1582 0 180 2 412 1582 0 179 384 0 0 1
1582 0 180 2 446 1582 0 178 206 0 0 2
1575 0 215 2 314 1575 0 175 1048 0 0 40
1582 0 180 2 736 1582 0 177 32 0 0 3
1581 0 185 2 12 1581 0 182 595 0 0 3
1582 0 180 2 684 1582 0 178 693 0 0 2
1582 0 180 2 442 1582 0 177 219 0 0 3
1575 0 215 2 17 1575 0 175 377 0 0 40
1580 0 190 2 609 1580 0 188 1105 0 0 2
1566 0 261 2 1130 1566 0 174 77 0 0 87
1553 0 326 3 118 1539 0 171 189 14 0 154 1185 0 0 1
1554 0 321 3 905 1503 0 167 723 51 0 151 1048 0 0 3
1557 0 306 2 1047 1539 0 171 859 18 0 135
1556 0 307 2 814 1467 0 163 758 89 0 144
1560 0 291 3 506 1386 0 154 690 174 0 136 1048 0 0 1
1558 0 301 3 451 1413 0 157 345 145 0 141 234 0 0 3
1565 0 266 3 520 1350 0 150 1094 215 0 112 832 0 0 4
1564 0 271 3 148 1287 0 143 193 277 0 124 1135 0 0 4
1400 0 0 3 583 778 0 0 831 408 0 0 347 214 0 0
-1
21 22
2307 0 290 2 310 2307 0 286 570 0 0 4
2310 0 275 2 406 2310 0 271 1169 0 0 4
2312 0 265 2 993 2312 0 264 560 0 0 1
2310 0 275 1 1082 2310 0 275
2310 0 275 2 923 2310 0 272 364 0 0 3
2313 0 260 2 926 2313 0 259 747 0 0 1
2311 0 270 2 21 2311 0 269 357 0 0 1
2313 0 260 2 31 2313 0 258 1135 0 0 2
2310 0 275 1 789 2310 0 275
2311 0 270 2 616 2311 0 269 569 0 0 1
2313 0 260 2 391 2313 0 258 947 0 0 2
2313 0 260 2 276 2313 0 259 1088 0 0 1
2312 0 265 2 930 2312 0 262 415 0 0 3
2306 0 296 2 331 2306 0 293 342 0 0 3
2309 0 280 1 795 2309 0 280
2310 0 275 2 259 2310 0 274 1132 0 0 1
2284 0 407 3 878 2097 0 233 44 187 0 172 75 0 0 2
2294 0 356 3 250 1845 0 205 932 449 0 147 606 0 0 4
2340 0 120 2 1044 1717 0 0 445 623 0 120
2300 0 326 3 484 1656 0 184 776 644 0 138 832 0 0 4
2307 0 290 3 889 1350 0 150 1163 957 0 138 219 0 0 2
340 0 0 1 960 340 0 0
-1
22 21
2461 0 297 1 53 2461 0 297
2462 0 292 1 833 2462 0 292
2460 0 302 2 325 2460 0 300 67 0 0 2
2460 0 302 2 989 2460 0 300 432 0 0 2
2463 0 286 2 160 2463 0 284 246 0 0 2
2464 0 281 2 1104 2464 0 277 139 0 0 4
2464 0 281 2 338 2464 0 277 10 0 0 4
2461 0 297 2 649 2461 0 293 639 0 0 4
2460 0 302 2 782 2460 0 300 955 0 0 2
2462 0 292 2 1040 2462 0 288 276 0 0 4
2465 0 276 2 349 2465 0 275 539 0 0 1
2464 0 281 2 1159 2464 0 278 1091 0 0 3
2461 0 297 2 1080 2461 0 293 167 0 0 4
2461 0 297 2 754 2461 0 293 481 0 0 4
2465 0 276 1 328 2465 0 276
2461 0 297 2 634 2461 0 294 206 0 0 3
2460 0 302 2 385 2460 0 298 1119 0 0 4
2443 0 388 2 169 2007 0 223 701 436 0 165
2442 0 393 3 762 1890 0 210 1138 552 0 179 480 0 0 4
2450 0 352 3 1022 1602 0 178 301 848 0 173 123 0 0 1
2519 0 0 3 936 1231 0 0 239 875 0 0 1109 413 0 0
-1
23 22
2523 0 283 2 429 2523 0 281 468 0 0 2
2520 0 298 1 564 2520 0 298
2520 0 298 2 562 2520 0 294 988 0 0 4
2519 0 304 2 824 2519 0 300 1142 0 0 4
2521 0 293 2 1191 2521 0 291 172 0 0 2
2521 0 293 1 1026 2521 0 293
2519 0 304 2 68 2519 0 299 639 0 0 5
2519 0 304 2 696 2519 0 299 288 0 0 5
2521 0 293 2 780 2521 0 292 161 0 0 1
2522 0 288 2 478 2522 0 285 856 0 0 3
2520 0 298 2 166 2520 0 295 667 0 0 3
2522 0 288 2 1039 2522 0 286 985 0 0 2
2522 0 288 2 313 2522 0 285 193 0 0 3
2520 0 298 2 41 2520 0 297 976 0 0 1
2522 0 288 2 692 2522 0 286 1167 0 0 2
2521 0 293 2 670 2521 0 292 106 0 0 1
2523 0 283 1 321 2523 0 283
2521 0 293 2 493 2521 0 292 415 0 0 1
2482 0 490 2 991 2394 0 266 680 88 0 224
2506 0 369 3 322 1728 0 192 531 778 0 173 247 0 0 4
2529 0 253 3 798 1395 0 155 111 1134 0 95 1048 0 0 3
1426 0 70 2 348 1008 0 70 949 418 0 0
-1
24 26
2017 0 245 2 1013 2017 0 242 104 0 0 3
2015 0 255 2 435 2015 0 252 896 0 0 3
2016 0 250 2 803 2016 0 224 104 0 0 26
2021 0 225 1 74 2021 0 225
2020 0 230 2 477 2020 0 229 439 0 0 1
2021 0 225 1 760 2021 0 225
2020 0 230 1 82 2020 0 230
2021 0 225 2 242 2021 0 224 1174 0 0 1
2020 0 230 1 652 2020 0 230
2020 0 230 2 500 2020 0 228 219 0 0 2
2016 0 250 2 834 2016 0 224 1043 0 0 26
2020 0 230 1 102 2020 0 230
2020 0 230 1 860 2020 0 230
2020 0 230 2 706 2020 0 229 119 0 0 1
2020 0 230 2 799 2020 0 228 777 0 0 2
2020 0 230 2 1032 2020 0 226 67 0 0 4
2021 0 225 1 841 2021 0 225
2020 0 230 2 1063 2020 0 229 320 0 0 1
2000 0 331 2 751 1557 0 173 209 443 0 158
2011 0 276 2 1192 1350 0 150 885 661 0 126
2015 0 252 2 543 1368 0 152 994 647 0 100
2015 0 253 2 154 1314 0 146 1058 701 0 107
2014 0 260 3 1131 1269 0 137 707 745 0 120 320 0 0 3
2046 0 98 2 470 1337 0 0 809 709 0 98
2039 0 131 2 1143 1224 0 131 1151 815 0 0
2058 0 38 2 1038 1224 0 0 237 834 0 38
-1
25 22
2109 0 238 2 397 2109 0 235 1106 0 0 3
2102 0 274 2 852 2102 0 270 370 0 0 4
2106 0 253 2 671 2106 0 234 570 0 0 19
2109 0 238 2 875 2109 0 236 104 0 0 2
2106 0 253 2 428 2106 0 234 419 0 0 19
2088 0 344 2 3 2088 0 232 792 0 0 112
2105 0 258 2 433 2105 0 256 551 0 0 2
2106 0 253 2 597 2106 0 249 546 0 0 4
2107 0 248 2 766 2107 0 246 527 0 0 2
2108 0 243 2 131 2108 0 240 99 0 0 3
2109 0 238 1 176 2109 0 238
2097 0 299 2 1118 2097 0 233 922 0 0 66
2109 0 238 2 627 2109 0 236 1049 0 0 2
2109 0 238 1 549 2109 0 238
2106 0 253 2 299 2106 0 234 113 0 0 19
2109 0 238 2 1036 2109 0 235 342 0 0 3
2109 0 238 1 258 2109 0 238
2084 0 365 3 877 1800 0 200 810 284 0 164 352 0 0 1
2081 0 380 2 1012 1755 0 195 862 326 0 185
2092 0 320 2 203 1566 0 174 168 526 0 146
2103 0 268 2 1049 1440 0 158 367 663 0 110
2106 0 252 2 653 1260 0 140 438 846 0 112
-1
26 22
2511 0 297 2 1100 2511 0 294 1155 0 0 3
2513 0 286 2 447 2513 0 284 309 0 0 2
2510 0 302 2 590 2510 0 300 185 0 0 2
2511 0 297 1 8 2511 0 297
2513 0 286 1 1050 2513 0 286
2514 0 281 2 1059 2514 0 280 219 0 0 1
2511 0 297 2 734 2511 0 295 582 0 0 2
2514 0 281 1 16 2514 0 281
2513 0 286 2 676 2513 0 283 364 0 0 3
2513 0 286 1 378 2513 0 286
2512 0 292 2 887 2512 0 288 1000 0 0 4
2511 0 297 1 494 2511 0 297
2512 0 292 2 675 2512 0 289 1154 0 0 3
2514 0 281 1 27 2514 0 281
2512 0 292 2 788 2512 0 291 345 0 0 1
2513 0 286 2 181 2513 0 284 614 0 0 2
2480 0 453 3 220 2250 0 250 162 230 0 202 174 0 0 1
2492 0 393 2 628 1908 0 212 264 584 0 181
2505 0 327 2 66 1656 0 184 1062 849 0 143
2511 0 297 2 888 1386 0 154 222 1125 0 143
2514 0 281 3 777 1323 0 141 247 1191 0 137 533 0 0 3
1461 0 0 3 492 1054 0 0 479 406 0 0 1024 1 0 0
-1
27 30
1290 147 161 1 213 1290 147 161
1290 147 157 1 896 1290 147 157
1291 148 155 2 29 1291 148 152 434 0 0 3
1294 140 284 3 511 1291 140 155 906 2 0 129 239 1 0 0
1290 147 179 2 524 1290 147 163 384 0 0 16
1290 147 179 2 439 1290 147 157 1048 0 0 22
1291 147 174 2 1067 1291 147 155 1155 0 0 19
1293 148 145 2 419 1293 148 140 602 0 0 5
1290 147 176 2 622 1290 147 163 602 0 0 13
1348 125 291 3 1142 1294 119 134 816 54 6 149 348 0 0 8
1298 148 120 2 1020 1298 148 100 1155 0 0 20
1293 140 293 3 519 1291 140 153 936 2 0 133 1193 0 0 7
1312 134 304 3 420 1290 132 157 805 21 2 147 647 1 0 0
1291 148 155 2 595 1291 148 152 348 0 0 3
1292 148 150 2 409 1292 148 145 968 0 0 5
1363 121 289 3 846 1291 113 156 492 72 8 122 361 0 0 11
1290 147 179 2 586 1290 147 161 297 0 0 18
1289 147 184 2 916 1289 147 167 646 0 0 17
1418 108 251 3 364 1292 94 143 583 126 14 100 1193 0 0 8
1331 139 119 3 382 1312 137 0 199 19 2 112 626 0 0 7
1478 99 109 2 966 1312 80 0 305 166 19 109
1529 76 279 3 327 1292 49 149 326 237 27 126 480 0 0 4
1667 48 92 3 1122 1239 0 0 480 426 48 92 1020 2 0 0
1596 65 140 3 56 1026 0 105 922 569 65 35 1083 1 0 0
1625 52 236 3 363 1170 0 130 637 455 52 103 832 0 0 3
1646 53 107 4 1166 1174 0 0 392 469 53 107 1176 2 0 0 401 1 0 0
1623 60 97 3 1147 1097 0 0 333 525 60 97 1184 1 0 0
1595 61 218 4 830 1053 0 114 234 539 61 104 701 2 0 0 249 1 0 0
1594 67 112 2 861 1008 0 112 79 586 67 0
1631 63 0 2 388 1080 0 0 141 551 63 0
-1
28 26
2341 0 292 2 1188 2341 0 289 1060 0 0 3
2342 0 287 2 347 2342 0 284 896 0 0 3
2345 0 272 2 143 2345 0 268 805 0 0 4
2343 0 282 1 733 2343 0 282
2344 0 277 2 579 2344 0 275 1051 0 0 2
2345 0 272 1 746 2345 0 272
2342 0 287 2 617 2342 0 285 667 0 0 2
2344 0 277 2 227 2344 0 274 49 0 0 3
2347 0 262 1 749 2347 0 262
2347 0 262 2 1125 2347 0 261 1095 0 0 1
2346 0 267 2 466 2346 0 266 200 0 0 1
2347 0 262 1 393 2347 0 262
2331 0 343 2 1198 2331 0 259 400 0 0 84
2321 0 393 3 1092 1872 0 208 743 449 0 182 791 0 0 3
2323 0 383 3 518 1854 0 206 1147 469 0 174 546 0 0 3
2327 0 363 3 48 1701 0 189 238 626 0 172 432 0 0 2
2348 0 254 2 288 1386 0 147 1 962 0 107
2360 0 196 3 376 1440 0 65 211 920 0 127 572 0 0 4
2352 0 233 2 1154 1287 0 136 1185 1065 0 97
2353 0 232 3 1167 1278 0 133 1145 1071 0 99 844 4 0 0
1206 0 129 1 1165 1206 0 129
1769 0 130 3 529 1179 0 130 921 560 0 0 448 30 0 0
2147 0 136 4 156 1224 0 136 1051 774 0 0 579 131 0 0 912 18 0 0
1615 0 142 5 426 1278 0 142 536 177 0 0 434 68 0 0 108 57 0 0 29 35 0 0
2373 0 131 3 359 1273 0 0 431 1100 0 127 1176 0 0 4
1576 0 0 2 629 1236 0 0 726 340 0 0
-1
29 23
2315 0 295 1 726 2315 0 295
2315 0 297 1 697 2315 0 297
2314 0 302 2 705 2314 0 299 693 0 0 3
2320 0 272 1 545 2320 0 272
2316 0 292 1 975 2316 0 292
2322 0 262 2 1045 2322 0 258 439 0 0 4
2318 0 282 2 526 2318 0 279 639 0 0 3
2321 0 267 2 1089 2321 0 266 367 0 0 1
2320 0 272 2 121 2320 0 270 111 0 0 2
2321 0 267 1 1031 2321 0 267
2319 0 277 2 46 2319 0 276 527 0 0 1
2322 0 262 2 992 2322 0 258 792 0 0 4
2322 0 262 2 308 2322 0 261 167 0 0 1
2322 0 262 2 625 2322 0 261 680 0 0 1
2321 0 267 1 607 2321 0 267
2301 0 368 2 550 1881 0 209 241 420 0 159
2341 0 166 3 510 2006 0 0 319 335 0 162 1135 0 0 4
2341 0 166 3 680 1937 0 0 1187 404 0 163 202 0 0 3
2300 0 373 2 71 1800 0 200 22 500 0 173
2311 0 318 3 969 1512 0 168 998 799 0 147 474 0 0 3
2343 0 156 2 192 1422 0 98 533 921 0 58
2322 0 262 2 173 1368 0 152 195 954 0 110
2329 0 224 3 791 1188 0 129 1043 1089 0 95 97 52 0 0
-1
30 25
1805 0 247 1 731 1805 0 247
1809 0 228 1 728 1809 0 228
1812 0 213 1 745 1812 0 213
1810 0 222 1 577 1810 0 222
1811 0 218 2 702 1811 0 215 36 0 0 3
1811 0 218 2 231 1811 0 214 285 0 0 4
1813 0 208 3 255 1813 0 204 657 0 0 3 936 0 0 1
1812 0 213 2 561 1812 0 211 632 0 0 2
1810 0 223 2 853 1810 0 220 826 0 0 3
1814 0 202 2 891 1814 0 199 1088 0 0 3
1813 0 208 1 928 1813 0 208
1810 0 223 2 354 1810 0 222 59 0 0 1
1810 0 223 2 144 1810 0 221 171 0 0 2
1812 0 213 2 398 1812 0 212 531 0 0 1
1811 0 218 2 939 1811 0 215 400 0 0 3
1809 0 228 2 236 1809 0 201 332 0 0 27
1783 0 359 3 507 1782 0 198 50 1 0 158 348 0 0 3
1787 0 339 3 869 1620 0 180 359 167 0 158 529 0 0 1
1795 0 296 2 1019 1638 0 178 850 157 0 118
1787 0 339 3 1172 1584 0 176 187 203 0 162 415 0 0 1
1798 0 280 2 138 1368 0 152 191 430 0 128
1801 0 268 2 214 1305 0 145 483 496 0 123
1816 0 147 3 1002 1323 0 147 932 340 0 0 361 153 0 0
1834 0 100 2 742 1405 0 0 508 429 0 100
1827 0 136 2 784 1224 0 136 998 603 0 0
-1
31 30
1692 0 224 2 959 1692 0 220 1194 0 0 4
1695 0 209 2 1018 1695 0 205 1155 0 0 4
1698 0 194 2 275 1698 0 191 1060 0 0 3
1696 0 204 2 266 1696 0 203 872 0 0 1
1698 0 194 2 344 1698 0 190 211 0 0 4
1696 0 204 2 1199 1696 0 200 906 0 0 4
1698 0 194 2 410 1698 0 190 305 0 0 4
1697 0 199 2 401 1697 0 198 434 0 0 1
1697 0 199 2 246 1697 0 196 348 0 0 3
1696 0 204 2 800 1696 0 202 792 0 0 2
1698 0 194 2 1160 1698 0 193 898 0 0 1
1698 0 194 2 1189 1698 0 190 690 0 0 4
1692 0 224 2 977 1692 0 188 311 0 0 36
1698 0 194 2 133 1698 0 193 414 0 0 1
1698 0 194 2 14 1698 0 190 384 0 0 4
1698 0 194 2 596 1698 0 191 364 0 0 3
1698 0 194 1 768 1698 0 194
1698 0 194 2 740 1698 0 190 1197 0 0 4
1700 0 184 1 1197 1700 0 184
1684 0 265 3 1091 1593 0 107 1141 91 0 156 434 0 0 2
1675 0 310 3 605 1566 0 174 402 109 0 133 147 0 0 3
1690 0 234 2 962 1386 0 154 434 304 0 80
1728 0 39 2 1060 1231 0 0 1155 497 0 39
1725 0 55 2 602 1224 0 0 361 501 0 55
1688 0 240 2 677 1242 0 138 572 446 0 102
1683 0 270 2 756 1251 0 139 1099 432 0 131
1699 0 187 2 342 981 0 76 1068 718 0 111
1706 0 150 2 646 1035 0 43 673 671 0 107
1717 0 96 2 514 981 0 0 626 736 0 96
1175 0 98 3 465 963 0 98 938 206 0 0 335 6 0 0
-1
32 29
1626 0 205 1 463 1626 0 205
1629 0 190 2 722 1629 0 186 792 0 0 4
1626 0 205 2 1024 1626 0 202 278 0 0 3
1611 0 281 2 1057 1611 0 179 602 0 0 102
1629 0 190 2 132 1629 0 187 936 0 0 3
1626 0 205 2 638 1626 0 201 309 0 0 4
1630 0 185 2 1037 1630 0 182 1174 0 0 3
1629 0 190 2 55 1629 0 189 693 0 0 1
1620 0 235 2 105 1620 0 176 1020 0 0 59
1629 0 190 2 1158 1629 0 181 551 0 0 9
1630 0 185 2 172 1630 0 181 716 0 0 4
1626 0 205 2 188 1626 0 204 522 0 0 1
1629 0 190 2 1164 1629 0 186 1088 0 0 4
1630 0 185 2 571 1630 0 182 384 0 0 3
1627 0 200 2 978 1627 0 199 192 0 0 1
1628 0 195 2 929 1628 0 191 206 0 0 4
1629 0 190 2 1112 1629 0 187 361 0 0 3
1629 0 190 2 200 1629 0 189 384 0 0 1
1630 0 185 2 1083 1630 0 184 922 0 0 1
1629 0 190 2 970 1629 0 181 56 0 0 9
1620 0 235 2 886 1620 0 178 661 0 0 57
1629 0 190 2 947 1629 0 179 725 0 0 11
1646 0 104 2 709 1307 0 0 667 339 0 104
1666 0 0 2 278 1177 0 0 361 489 0 0
1619 0 237 2 907 1206 0 134 718 413 0 103
1650 0 82 2 32 1116 0 82 932 534 0 0
1617 0 250 3 1011 1215 0 135 78 402 0 111 333 0 0 4
1621 0 230 2 599 1161 0 129 893 460 0 101
1666 0 0 5 663 683 0 0 778 583 0 0 764 192 0 0 1134 194 0 0 399 14 0 0
-1
33 22
2121 0 283 2 831 2121 0 281 906 0 0 2
2123 0 273 2 1117 2123 0 269 1060 0 0 4
2126 0 258 2 212 2126 0 254 29 0 0 4
2122 0 278 2 280 2122 0 275 667 0 0 3
2127 0 253 2 125 2127 0 249 206 0 0 4
2123 0 273 2 971 2123 0 269 1155 0 0 4
2129 0 242 2 958 2129 0 238 261 0 0 4
2128 0 248 1 245 2128 0 248
2126 0 258 2 619 2126 0 254 293 0 0 4
2125 0 263 1 604 2125 0 263
2128 0 248 2 63 2128 0 244 1076 0 0 4
2129 0 242 2 422 2129 0 240 442 0 0 2
2128 0 248 2 1124 2128 0 247 229 0 0 1
2130 0 237 1 1034 2130 0 237
2128 0 248 2 866 2128 0 243 1145 0 0 5
2100 0 389 3 897 1980 0 220 966 120 0 168 900 0 0 1
2101 0 384 3 1021 1926 0 214 1072 175 0 166 424 0 0 4
2156 0 103 2 967 1594 0 0 249 562 0 103
2111 0 333 2 425 1521 0 169 387 590 0 164
2121 0 283 2 70 1476 0 164 1042 645 0 119
2118 0 298 3 755 1449 0 161 919 669 0 133 854 0 0 4
2130 0 237 3 135 1467 0 100 122 663 0 134 1048 0 0 3
-1
34 23
2509 0 296 2 175 2509 0 295 822 0 0 1
2512 0 281 2 1157 2512 0 280 348 0 0 1
2511 0 286 2 457 2511 0 284 511 0 0 2
2510 0 291 2 253 2510 0 289 984 0 0 2
2510 0 291 2 64 2510 0 290 437 0 0 1
2510 0 291 2 623 2510 0 289 114 0 0 2
2510 0 291 1 710 2510 0 291
2510 0 291 1 423 2510 0 291
2509 0 296 2 997 2509 0 292 65 0 0 4
2511 0 286 1 396 2511 0 286
2509 0 296 2 857 2509 0 295 996 0 0 1
2509 0 296 2 1140 2509 0 292 552 0 0 4
2510 0 291 1 643 2510 0 291
2511 0 286 2 334 2511 0 284 1007 0 0 2
2511 0 286 2 467 2511 0 279 521 0 0 7
2508 0 301 2 485 2508 0 297 823 0 0 4
2509 0 296 2 24 2509 0 294 648 0 0 2
2511 0 286 2 664 2511 0 284 126 0 0 2
2509 0 296 2 380 2509 0 295 465 0 0 1
2509 0 296 2 1139 2509 0 294 345 0 0 2
2502 0 331 2 804 2502 0 278 206 0 0 53
2477 0 458 2 248 2259 0 251 918 218 0 207
1536 0 0 2 104 990 0 0 88 546 0 0
-1
35 25
1765 0 203 2 197 1765 0 199 1185 0 0 4
1762 0 218 1 933 1762 0 218
1765 0 203 2 1126 1765 0 199 348 0 0 4
1763 0 213 1 808 1763 0 213
1765 0 203 2 1023 1765 0 202 1185 0 0 1
1766 0 198 2 158 1766 0 196 419 0 0 2
1765 0 203 2 107 1765 0 199 434 0 0 4
1764 0 208 2 715 1764 0 205 1155 0 0 3
1765 0 203 2 33 1765 0 201 332 0 0 2
1765 0 203 1 454 1765 0 203
1761 0 223 2 441 1761 0 220 192 0 0 3
1755 0 253 2 944 1755 0 191 1091 0 0 62
1763 0 213 2 668 1763 0 210 504 0 0 3
1761 0 223 2 651 1761 0 220 237 0 0 3
1766 0 198 1 687 1766 0 198
1763 0 213 2 781 1763 0 212 348 0 0 1
1755 0 253 2 863 1755 0 195 111 0 0 58
1764 0 208 2 47 1764 0 206 474 0 0 2
1764 0 208 2 61 1764 0 196 512 0 0 12
1734 0 359 2 541 1728 0 192 630 6 0 167
1747 0 294 2 591 1395 0 151 954 352 0 143
1752 0 264 2 951 1323 0 147 1061 429 0 117
1780 0 127 3 44 1361 0 0 75 419 0 124 1135 0 0 3
1782 0 117 2 862 1339 0 0 924 443 0 117
1312 0 0 4 551 829 0 0 899 423 0 0 395 50 0 0 1109 10 0 0
-1
36 30
1770 0 241 2 635 1770 0 240 104 0 0 1
1774 0 220 2 262 1774 0 216 104 0 0 4
1777 0 205 2 395 1777 0 203 511 0 0 2
1777 0 205 1 593 1777 0 205
1779 0 195 2 450 1779 0 194 657 0 0 1
1777 0 205 1 440 1777 0 205
1773 0 225 2 568 1773 0 197 413 0 0 28
1777 0 205 2 535 1777 0 201 1067 0 0 4
1776 0 210 2 874 1776 0 206 114 0 0 4
1778 0 200 2 765 1778 0 199 286 0 0 1
1778 0 200 1 62 1778 0 200
1777 0 205 2 1152 1777 0 203 297 0 0 2
1778 0 200 2 330 1778 0 197 291 0 0 3
1774 0 220 2 787 1774 0 218 1197 0 0 2
1777 0 205 2 218 1777 0 202 1135 0 0 3
1776 0 210 2 1171 1776 0 207 206 0 0 3
1775 0 215 2 183 1775 0 213 1144 0 0 2
1788 0 150 1 94 1788 0 150
1778 0 200 2 880 1778 0 198 434 0 0 2
1799 0 90 2 906 1393 0 0 1193 406 0 90
1757 0 304 2 900 1512 0 164 414 245 0 140
1765 0 264 2 432 1341 0 141 663 424 0 123
1817 0 0 2 816 1281 0 0 823 536 0 0
1797 0 104 2 311 1260 0 104 434 537 0 0
1789 0 145 2 206 1080 0 41 42 709 0 104
1817 0 0 2 1088 1028 0 0 305 789 0 0
1791 0 134 2 184 1206 0 134 256 585 0 0
1817 0 0 2 159 1112 0 0 954 705 0 0
1796 0 106 2 113 1161 0 106 1162 635 0 0
933 0 0 3 1155 430 0 0 697 358 0 0 655 145 0 0
-1
37 21
2239 0 271 2 515 2239 0 269 1067 0 0 2
2241 0 261 2 468 2241 0 259 1155 0 0 2
2242 0 256 2 497 2242 0 253 252 0 0 3
2242 0 256 2 140 2242 0 253 30 0 0 3
2241 0 261 1 1074 2241 0 261
2242 0 256 2 86 2242 0 252 800 0 0 4
2242 0 256 1 942 2242 0 256
2241 0 261 1 1121 2241 0 261
2242 0 256 1 381 2242 0 256
2243 0 251 1 226 2243 0 251
2238 0 276 2 1081 2238 0 275 343 0 0 1
2242 0 256 2 828 2242 0 254 809 0 0 2
2243 0 251 1 37 2243 0 251
2242 0 256 2 271 2242 0 255 602 0 0 1
2241 0 261 2 612 2241 0 259 187 0 0 2
2241 0 261 1 152 2241 0 261
2209 0 422 3 462 2196 0 244 767 13 0 175 287 0 0 3
2213 0 402 2 547 1989 0 221 742 224 0 181
2223 0 352 3 5 1701 0 189 100 522 0 160 691 0 0 3
2263 0 147 2 1006 1574 0 0 708 689 0 147
2234 0 296 3 1087 1395 0 155 452 839 0 138 195 0 0 3
-1
38 23
2359 0 279 1 1035 2359 0 279
2361 0 270 2 223 2361 0 268 419 0 0 2
2361 0 270 2 408 2361 0 266 29 0 0 4
2362 0 265 2 528 2362 0 264 182 0 0 1
2361 0 270 2 204 2361 0 266 1154 0 0 4
2361 0 270 1 698 2361 0 270
2362 0 265 2 362 2362 0 263 689 0 0 2
2355 0 301 2 1079 2355 0 298 748 0 0 3
2361 0 270 1 827 2361 0 270
2360 0 275 2 1190 2360 0 272 1137 0 0 3
2361 0 270 2 389 2361 0 267 1144 0 0 3
2356 0 296 2 658 2356 0 294 364 0 0 2
2361 0 270 2 1015 2361 0 269 342 0 0 1
2362 0 265 2 817 2362 0 263 352 0 0 2
2356 0 296 2 540 2356 0 293 443 0 0 3
2361 0 270 2 1115 2361 0 266 206 0 0 4
2332 0 417 3 542 2214 0 246 329 118 0 168 342 0 0 3
2353 0 311 2 1093 1512 0 168 1025 841 0 143
2371 0 218 3 603 1257 0 0 453 1107 0 122 1088 7 0 96
2348 0 332 3 178 1197 0 121 633 1134 0 126 854 17 0 85
2390 0 122 2 723 1308 0 0 147 1082 0 122
2368 0 231 3 573 1179 0 130 774 1122 0 0 386 67 0 101
2396 0 89 4 1135 981 0 89 546 552 0 0 718 541 0 0 852 322 0 0
-1
39 25
2109 0 295 1 88 2109 0 295
2108 0 301 2 778 2108 0 299 1067 0 0 2
2117 0 256 1 783 2117 0 256
2115 0 266 2 950 2115 0 235 871 0 0 31
2119 0 246 1 336 2119 0 246
2121 0 236 1 498 2121 0 236
2117 0 256 2 4 2117 0 252 533 0 0 4
2120 0 241 1 843 2120 0 241
2119 0 246 2 65 2119 0 243 522 0 0 3
2118 0 251 2 1182 2118 0 250 182 0 0 1
2121 0 236 2 527 2121 0 233 900 0 0 3
2120 0 241 2 1005 2120 0 237 693 0 0 4
2118 0 251 2 948 2118 0 250 1032 0 0 1
2120 0 241 2 569 2120 0 239 744 0 0 2
2120 0 241 2 771 2120 0 240 1091 0 0 1
2121 0 236 1 90 2121 0 236
2120 0 241 2 530 2120 0 238 700 0 0 3
2106 0 311 2 610 2106 0 234 716 0 0 77
2115 0 266 2 215 2115 0 235 32 0 0 31
2092 0 382 3 1107 1845 0 205 470 247 0 176 178 0 0 1
2094 0 372 3 69 1764 0 196 629 330 0 174 359 0 0 2
2138 0 150 3 574 1683 0 0 196 455 0 146 585 0 0 4
1762 0 0 2 50 1421 0 0 1003 341 0 0
2150 0 89 2 1141 1313 0 0 1105 837 0 89
1404 0 9 3 1048 927 0 9 435 253 0 0 1090 224 0 0
-1
40 26
2462 0 276 2 1101 2462 0 274 1155 0 0 2
2461 0 281 2 588 2461 0 278 151 0 0 3
2462 0 276 1 711 2462 0 276
2459 0 291 2 553 2459 0 290 606 0 0 1
2460 0 286 2 532 2460 0 282 935 0 0 4
2461 0 281 2 548 2461 0 280 891 0 0 1
2459 0 291 2 815 2459 0 290 62 0 0 1
2460 0 286 1 1150 2460 0 286
2457 0 301 2 186 2457 0 299 1048 0 0 2
2461 0 281 1 555 2461 0 281
2461 0 281 2 476 2461 0 277 591 0 0 4
2462 0 276 2 80 2462 0 274 886 0 0 2
2459 0 291 2 268 2459 0 289 405 0 0 2
2461 0 281 2 267 2461 0 277 533 0 0 4
2457 0 301 2 730 2457 0 298 1119 0 0 3
2441 0 382 3 645 1935 0 215 682 506 0 164 249 0 0 3
2437 0 402 3 373 1890 0 210 221 547 0 190 865 0 0 2
2454 0 316 3 913 1836 0 152 849 618 0 161 560 0 0 3
2450 0 336 3 502 1638 0 180 559 812 0 153 139 0 0 3
2451 0 331 3 858 1575 0 175 1116 876 0 152 1165 0 0 4
2493 0 116 2 384 1296 0 116 26 1197 0 0
2492 0 121 2 99 1337 0 0 759 1155 0 121
2488 0 144 3 1054 1368 0 10 712 1120 0 131 289 0 0 3
1377 0 153 1 208 1377 0 153
2516 0 0 4 461 1224 0 0 1027 567 0 0 273 463 0 0 959 262 0 0
614 0 0 2 1193 539 0 0 896 75 0 0
-1
