1 3
1 493 0 1 5 1 493 0
1 492 0 1 1 1 492 0
1 493 0 1 6 1 493 0
-1
2 7
0 688 199 1 1 0 688 199
0 690 187 1 9 0 690 187
0 692 163 1 4 0 692 163
0 710 0 1 2 0 710 0
0 710 0 1 2 0 710 0
0 693 155 1 8 0 693 155
0 710 0 2 8 0 702 0 9 0 8 0
-1
3 8
0 610 0 1 1 0 610 0
0 589 193 1 7 0 589 193
0 610 0 1 9 0 610 0
0 610 0 1 6 0 610 0
0 587 211 1 3 0 587 211
0 610 0 1 3 0 610 0
0 610 0 2 2 0 492 0 6 0 118 0
0 171 0 3 4 0 99 0 6 0 49 0 10 0 23 0
-1
4 6
4 473 239 1 5 4 473 239
5 499 0 1 5 5 499 0
5 499 0 1 6 5 499 0
5 499 0 1 10 5 499 0
5 467 0 1 7 5 467 0
5 370 0 1 9 5 370 0
-1
5 7
5 671 0 1 5 5 671 0
5 641 269 1 6 5 641 269
5 639 284 1 2 5 639 284
5 656 132 1 10 5 656 132
5 671 0 1 7 5 671 0
5 671 0 1 4 5 671 0
5 671 0 1 3 5 671 0
-1
