1 16
0 1602 2 1 119 0 1602 2
0 1602 2 1 123 0 1602 2
0 1602 2 1 83 0 1602 2
0 1602 2 1 98 0 1602 2
0 1602 2 1 152 0 1602 2
0 1602 2 1 191 0 1602 2
0 1602 2 1 163 0 1602 2
0 1602 2 1 102 0 1602 2
0 1602 2 1 112 0 1602 2
0 1602 2 1 158 0 1602 2
0 1602 2 1 59 0 1602 2
0 1602 2 1 4 0 1602 2
0 1602 2 1 89 0 1602 2
0 1602 2 1 149 0 1602 2
0 1602 2 1 135 0 1602 2
0 1563 137 2 169 0 1233 137 142 0 330 0
-1
2 17
32 1006 3 1 41 32 1006 3
32 1006 3 1 148 32 1006 3
32 1006 3 1 145 32 1006 3
32 1006 3 1 125 32 1006 3
32 1006 3 1 50 32 1006 3
32 1006 3 1 173 32 1006 3
32 1006 3 1 200 32 1006 3
32 1006 3 1 87 32 1006 3
32 1006 3 1 140 32 1006 3
32 1006 3 1 10 32 1006 3
32 1006 3 1 172 32 1006 3
32 1006 3 1 63 32 1006 3
32 1006 3 1 182 32 1006 3
32 1006 3 1 183 32 1006 3
32 1006 3 1 21 32 1006 3
32 933 256 2 24 32 907 254 60 0 26 2
47 537 367 2 70 32 464 195 56 15 73 172
-1
3 20
0 988 3 1 124 0 988 3
0 988 3 1 45 0 988 3
0 988 3 1 117 0 988 3
0 988 3 1 71 0 988 3
0 988 3 1 177 0 988 3
0 988 3 1 32 0 988 3
0 972 58 1 194 0 972 58
0 988 3 1 99 0 988 3
0 988 3 1 161 0 988 3
0 988 3 1 74 0 988 3
0 988 3 1 14 0 988 3
0 988 3 1 127 0 988 3
0 988 3 1 190 0 988 3
0 988 3 1 19 0 988 3
0 963 90 1 52 0 963 90
0 988 3 1 120 0 988 3
0 972 58 1 165 0 972 58
0 963 90 1 3 0 963 90
0 959 103 2 8 0 909 101 199 0 50 2
0 374 473 2 82 0 277 204 117 0 97 269
-1
4 18
0 1110 1 1 73 0 1110 1
0 1110 1 1 54 0 1110 1
0 1110 1 1 42 0 1110 1
0 1110 1 1 42 0 1110 1
0 1110 1 1 198 0 1110 1
0 1110 1 1 49 0 1110 1
0 1110 1 1 76 0 1110 1
0 1110 1 1 136 0 1110 1
0 1110 1 1 172 0 1110 1
0 1110 1 1 29 0 1110 1
0 1110 1 1 115 0 1110 1
0 1110 1 1 115 0 1110 1
0 1110 1 1 188 0 1110 1
0 1110 1 1 164 0 1110 1
0 1110 1 1 1 0 1110 1
0 1080 105 2 185 0 936 104 6 0 144 1
0 1080 105 2 128 0 927 103 41 0 153 2
0 200 129 1 124 0 200 129
-1
5 17
0 1347 0 1 25 0 1347 0
0 1347 0 1 56 0 1347 0
0 1347 0 1 126 0 1347 0
0 1347 0 1 78 0 1347 0
0 1347 0 1 12 0 1347 0
0 1347 0 1 136 0 1347 0
0 1347 0 1 34 0 1347 0
0 1347 0 1 15 0 1347 0
0 1347 0 1 14 0 1347 0
0 1347 0 1 51 0 1347 0
0 1347 0 1 62 0 1347 0
0 1347 0 1 68 0 1347 0
0 1347 0 1 57 0 1347 0
0 1347 0 1 24 0 1347 0
0 1347 0 1 1 0 1347 0
0 1347 0 1 133 0 1347 0
0 1269 271 2 30 0 853 268 54 0 416 3
-1
6 17
0 1381 2 1 117 0 1381 2
0 1381 2 1 139 0 1381 2
0 1381 2 1 60 0 1381 2
0 1381 2 1 2 0 1381 2
0 1381 2 1 199 0 1381 2
0 1381 2 1 162 0 1381 2
0 1381 2 1 84 0 1381 2
0 1381 2 1 39 0 1381 2
0 1381 2 1 72 0 1381 2
0 1381 2 1 189 0 1381 2
0 1381 2 1 100 0 1381 2
0 1381 2 1 113 0 1381 2
0 1381 2 1 187 0 1381 2
0 1381 2 1 182 0 1381 2
0 1381 2 1 29 0 1381 2
0 1381 2 1 58 0 1381 2
0 1258 430 3 101 0 904 230 88 0 232 199 56 0 122 1
-1
7 17
0 1577 2 1 82 0 1577 2
0 1577 2 1 88 0 1577 2
0 1577 2 1 179 0 1577 2
0 1577 2 1 121 0 1577 2
0 1577 2 1 30 0 1577 2
0 1577 2 1 46 0 1577 2
0 1577 2 1 65 0 1577 2
0 1577 2 1 171 0 1577 2
0 1577 2 1 74 0 1577 2
0 1577 2 1 13 0 1577 2
0 1577 2 1 19 0 1577 2
0 1577 2 1 109 0 1577 2
0 1577 2 1 184 0 1577 2
0 1577 2 1 176 0 1577 2
0 1577 2 1 18 0 1577 2
0 1577 2 1 193 0 1577 2
0 1483 329 3 7 0 909 101 110 0 488 208 148 0 86 20
-1
8 16
0 1218 3 1 181 0 1218 3
0 1218 3 1 64 0 1218 3
0 1218 3 1 154 0 1218 3
0 1218 3 1 91 0 1218 3
0 1218 3 1 36 0 1218 3
0 1218 3 1 96 0 1218 3
0 1218 3 1 69 0 1218 3
0 1218 3 1 40 0 1218 3
0 1218 3 1 38 0 1218 3
0 1218 3 1 105 0 1218 3
0 1218 3 1 157 0 1218 3
0 1218 3 1 167 0 1218 3
0 1218 3 1 28 0 1218 3
0 1218 3 1 155 0 1218 3
0 1147 250 2 175 0 948 247 148 0 199 3
0 1150 239 2 68 0 795 238 121 0 355 1
-1
9 17
0 1277 2 1 71 0 1277 2
0 1277 2 1 32 0 1277 2
0 1277 2 1 49 0 1277 2
0 1277 2 1 161 0 1277 2
0 1277 2 1 86 0 1277 2
0 1277 2 1 70 0 1277 2
0 1277 2 1 114 0 1277 2
0 1277 2 1 9 0 1277 2
0 1277 2 1 77 0 1277 2
0 1277 2 1 15 0 1277 2
0 1277 2 1 196 0 1277 2
0 1277 2 1 75 0 1277 2
0 1277 2 1 97 0 1277 2
0 1277 2 1 80 0 1277 2
0 1277 2 1 81 0 1277 2
0 1277 2 1 195 0 1277 2
0 1277 2 1 147 0 1277 2
-1
10 19
0 1166 0 1 192 0 1166 0
0 1166 0 1 192 0 1166 0
0 1166 0 1 151 0 1166 0
0 1166 0 1 101 0 1166 0
0 1166 0 1 168 0 1166 0
0 1166 0 1 31 0 1166 0
0 1166 0 1 137 0 1166 0
0 1166 0 1 94 0 1166 0
0 1166 0 1 85 0 1166 0
0 1166 0 1 131 0 1166 0
0 1166 0 1 132 0 1166 0
0 1166 0 1 160 0 1166 0
0 1166 0 1 11 0 1166 0
0 1163 10 1 61 0 1163 10
0 1166 0 1 167 0 1166 0
0 1166 0 1 153 0 1166 0
0 1166 0 1 180 0 1166 0
0 1136 104 2 104 0 927 103 119 0 209 1
0 447 182 1 181 0 447 182
-1
11 17
0 1327 1 1 151 0 1327 1
0 1327 1 1 5 0 1327 1
0 1327 1 1 67 0 1327 1
0 1327 1 1 16 0 1327 1
0 1327 1 1 114 0 1327 1
0 1327 1 1 48 0 1327 1
0 1327 1 1 47 0 1327 1
0 1327 1 1 92 0 1327 1
0 1327 1 1 55 0 1327 1
0 1327 1 1 35 0 1327 1
0 1327 1 1 107 0 1327 1
0 1327 1 1 186 0 1327 1
0 1327 1 1 53 0 1327 1
0 1327 1 1 103 0 1327 1
0 1327 1 1 22 0 1327 1
0 1296 109 2 27 0 954 106 123 0 342 3
0 242 313 2 64 0 231 158 118 0 11 155
-1
12 19
0 984 1 1 25 0 984 1
0 984 1 1 41 0 984 1
0 984 1 1 90 0 984 1
0 984 1 1 26 0 984 1
0 984 1 1 108 0 984 1
0 984 1 1 139 0 984 1
0 984 1 1 67 0 984 1
0 984 1 1 16 0 984 1
0 984 1 1 138 0 984 1
0 984 1 1 48 0 984 1
0 984 1 1 69 0 984 1
0 984 1 1 129 0 984 1
0 984 1 1 100 0 984 1
0 984 1 1 80 0 984 1
0 984 1 1 159 0 984 1
0 981 11 1 150 0 981 11
0 984 1 1 79 0 984 1
0 984 1 1 22 0 984 1
0 590 369 2 126 0 390 193 174 0 200 176
-1
13 19
0 1275 0 1 45 0 1275 0
0 1275 0 1 90 0 1275 0
0 1275 0 1 26 0 1275 0
0 1275 0 1 106 0 1275 0
0 1275 0 1 134 0 1275 0
0 1275 0 1 2 0 1275 0
0 1275 0 1 95 0 1275 0
0 1275 0 1 44 0 1275 0
0 1275 0 1 138 0 1275 0
0 1275 0 1 17 0 1275 0
0 1275 0 1 144 0 1275 0
0 1275 0 1 144 0 1275 0
0 1275 0 1 43 0 1275 0
0 1275 0 1 143 0 1275 0
0 1275 0 1 175 0 1275 0
0 1275 0 1 62 0 1275 0
0 1275 0 1 81 0 1275 0
0 1275 0 1 183 0 1275 0
0 296 292 1 192 0 296 292
-1
14 16
38 1364 2 1 174 38 1364 2
38 1364 2 1 118 38 1364 2
38 1364 2 1 146 38 1364 2
38 1364 2 1 178 38 1364 2
38 1364 2 1 85 38 1364 2
38 1364 2 1 110 38 1364 2
38 1364 2 1 40 38 1364 2
38 1364 2 1 63 38 1364 2
38 1364 2 1 33 38 1364 2
38 1364 2 1 142 38 1364 2
38 1364 2 1 61 38 1364 2
38 1364 2 1 20 38 1364 2
38 1364 2 1 164 38 1364 2
38 1364 2 1 79 38 1364 2
38 1364 2 1 23 38 1364 2
50 1331 105 2 93 38 898 104 78 12 433 1
-1
15 17
0 1440 1 1 73 0 1440 1
0 1440 1 1 177 0 1440 1
0 1440 1 1 130 0 1440 1
0 1440 1 1 6 0 1440 1
0 1440 1 1 66 0 1440 1
0 1440 1 1 173 0 1440 1
0 1440 1 1 140 0 1440 1
0 1440 1 1 166 0 1440 1
0 1440 1 1 170 0 1440 1
0 1440 1 1 111 0 1440 1
0 1440 1 1 116 0 1440 1
0 1440 1 1 197 0 1440 1
0 1440 1 1 150 0 1440 1
0 1440 1 1 37 0 1440 1
0 1440 1 1 122 0 1440 1
0 1440 1 1 156 0 1440 1
0 1217 547 2 146 0 866 250 25 0 351 297
-1
