1 13
14759 404 9 1 141 14759 404 9
14759 404 9 1 125 14759 404 9
14759 404 9 1 149 14759 404 9
14759 404 9 1 248 14759 404 9
17132 90 1543 2 324 13842 0 1538 122 3290 90 5
16853 127 1361 2 6 12213 0 1357 122 4640 127 4
16958 113 1431 2 168 12825 0 1425 272 4133 113 6
15784 0 1763 3 138 11142 0 1238 291 2934 0 326 117 1708 0 199
16371 0 1819 2 207 9477 0 1053 278 6894 0 766
17676 18 1895 4 68 7524 0 836 43 6642 0 738 123 2844 0 316 322 666 18 5
13671 0 1519 2 195 9018 0 1002 65 4653 0 517
13041 0 1449 2 184 8100 0 900 224 4941 0 549
13995 0 1555 3 41 8208 0 912 319 3240 0 360 30 2547 0 283
-1
2 8
16881 0 0 1 214 16881 0 0
16881 0 0 1 315 16881 0 0
16047 0 1668 2 256 15012 0 1668 60 1035 0 0
16083 0 1596 2 29 14355 0 1595 109 1728 0 1
16123 0 1516 2 233 13635 0 1515 23 2488 0 1
11984 0 2282 2 4 11322 0 1258 23 662 0 1024
16227 0 1308 2 226 11034 0 1226 285 5193 0 82
7902 0 1553 2 76 4662 0 518 70 3240 0 1035
-1
3 12
9942 1070 1232 2 243 9929 1069 1222 17 13 1 10
9929 1132 18 1 221 9929 1132 18
9929 1132 18 1 295 9929 1132 18
9929 1132 18 1 86 9929 1132 18
9929 1132 18 1 253 9929 1132 18
14355 641 986 2 121 8730 0 970 142 5625 641 16
16117 432 1642 3 246 8766 0 974 102 5607 234 649 17 1744 198 19
14624 611 1048 2 137 9261 0 1029 116 5363 611 19
11754 0 1306 2 288 7209 0 801 54 4545 0 505
8542 0 2673 3 295 3834 0 1637 270 1711 0 703 198 2997 0 333
7740 0 860 3 186 3375 0 375 325 2718 0 302 5 1647 0 183
6536 0 2928 3 86 3060 0 1740 50 1827 0 360 116 1649 0 828
-1
4 4
19196 0 2097 3 31 15309 0 1701 16 3555 0 395 214 332 0 1
19556 0 1377 2 208 12393 0 1377 254 7163 0 0
6637 0 2649 2 39 6534 0 726 214 103 0 1923
7147 0 1590 3 289 3456 0 384 91 3195 0 355 254 496 0 851
-1
5 9
14622 0 0 1 124 14622 0 0
13893 0 1458 2 164 13122 0 1458 77 771 0 0
14013 0 1218 1 293 14013 0 1218
12982 0 3280 3 77 9948 0 1191 242 2059 0 762 315 975 0 1327
14007 0 1230 2 262 11061 0 1229 200 2946 0 1
14117 0 1010 2 166 9081 0 1009 173 5036 0 1
14105 0 1034 2 19 9297 0 1033 242 4808 0 1
11565 0 1285 2 237 7713 0 857 73 3852 0 428
3031 0 2520 2 124 2046 0 1852 173 985 0 668
-1
6 14
14981 1005 1767 2 301 14828 994 1758 117 153 11 9
14828 1108 13 1 287 14828 1108 13
14828 1108 13 1 187 14828 1108 13
16016 902 1757 2 157 14828 814 1738 47 1188 88 19
14828 1108 13 1 240 14828 1108 13
19641 543 1687 2 57 14828 184 1668 72 4813 359 19
20420 470 1589 2 107 14121 0 1569 85 6299 470 20
19871 533 1427 2 286 12735 0 1415 322 7136 533 12
17156 0 2029 2 172 10872 0 1208 47 6284 0 821
18802 655 1125 2 228 10035 0 1115 251 8767 655 10
18210 0 3781 4 93 6516 0 724 147 6642 0 738 71 4014 0 446 187 1038 0 1873
8550 0 3522 3 38 6390 0 710 141 2054 0 1904 122 106 0 908
5690 0 4333 3 85 3320 0 1101 253 2295 0 1466 287 75 0 1766
3716 0 1324 2 49 3645 0 405 322 71 0 919
-1
7 9
39322 0 3651 3 273 16254 0 1806 219 16605 0 1845 163 6463 0 0
39351 0 3593 3 199 16857 0 1873 269 15480 0 1720 98 7014 0 0
39259 0 3777 3 104 16875 0 1875 249 17118 0 1902 241 5266 0 0
33929 0 4488 4 223 15192 0 1688 144 14517 0 1613 163 3248 0 1079 281 972 0 108
39400 0 3495 3 132 16317 0 1813 131 15138 0 1682 176 7945 0 0
39026 0 4243 4 274 15048 0 1672 326 13545 0 1505 160 9585 0 1065 258 848 0 1
39543 0 3209 3 40 14193 0 1577 108 14679 0 1631 279 10671 0 1
12258 0 1362 1 227 12258 0 1362
5238 0 582 1 127 5238 0 582
-1
8 10
40265 0 3532 3 84 17406 0 1934 180 14382 0 1598 55 8477 0 0
38943 0 4327 4 139 16965 0 1885 156 10863 0 1207 56 6840 0 760 266 4275 0 475
28332 0 3148 2 8 14058 0 1562 103 14274 0 1586
22707 0 2523 2 101 14499 0 1611 202 8208 0 912
26020 0 3833 3 244 13284 0 1476 175 10728 0 1192 55 2008 0 1165
25911 0 2879 4 82 10107 0 1123 236 9648 0 1072 79 5130 0 570 128 1026 0 114
19944 0 2216 3 118 10107 0 1123 277 7803 0 867 10 2034 0 226
10674 0 1186 2 212 8145 0 905 51 2529 0 281
13761 0 1529 2 37 8091 0 899 113 5670 0 630
14868 0 1652 2 67 7695 0 855 300 7173 0 797
-1
9 12
1552 4559 4 1 252 1552 4559 4
1552 4559 4 1 109 1552 4559 4
1552 4559 4 1 70 1552 4559 4
1649 4483 1330 2 252 1552 4199 1314 109 97 284 16
1552 4559 4 1 285 1552 4559 4
1552 4559 4 1 193 1552 4559 4
1552 4559 4 1 193 1552 4559 4
1552 4559 4 1 23 1552 4559 4
1552 3650 578 1 280 1552 3650 578
2154 3453 623 2 302 1552 2705 473 232 602 748 150
1552 1715 478 1 60 1552 1715 478
1224 0 136 1 148 1224 0 136
-1
10 14
18703 5 1999 2 192 17964 0 1996 17 739 5 3
18692 10 1921 2 75 17109 0 1901 50 1583 10 20
18691 11 1903 2 1 16992 0 1888 221 1699 11 15
18698 7 1969 2 247 17550 0 1950 86 1148 7 19
18703 5 1999 2 276 17937 0 1993 86 766 5 6
18678 18 1789 2 206 15966 0 1774 88 2712 18 15
18678 18 1789 2 303 15984 0 1776 158 2694 18 13
18645 36 1495 2 194 13410 0 1490 17 5235 36 5
18649 34 1527 2 61 13725 0 1525 158 4924 34 2
18651 32 1563 2 22 13923 0 1547 270 4728 32 16
16170 0 2085 3 261 9486 0 1054 88 3975 0 730 215 2709 0 301
15289 0 2536 3 90 9234 0 1026 158 4021 0 1284 32 2034 0 226
3216 0 1206 2 284 3051 0 339 17 165 0 867
3652 0 2472 2 221 1341 0 1535 142 2311 0 937
-1
11 9
36142 0 3693 3 3 17577 0 1953 24 15660 0 1740 275 2905 0 0
35658 0 3962 3 42 15534 0 1726 271 15750 0 1750 290 4374 0 486
36245 0 3487 3 181 16416 0 1824 153 14967 0 1663 115 4862 0 0
36456 0 3065 3 316 16200 0 1800 196 11385 0 1265 257 8871 0 0
31583 0 3832 3 136 16056 0 1784 231 11826 0 1314 275 3701 0 734
30060 0 3340 3 151 13167 0 1463 317 11556 0 1284 110 5337 0 593
33885 0 3765 3 150 14301 0 1589 220 11079 0 1231 62 8505 0 945
33957 0 3773 3 183 14643 0 1627 26 12897 0 1433 135 6417 0 713
11151 0 1239 2 307 7920 0 880 155 3231 0 359
-1
