1 0
-1
2 0
-1
3 0
-1
4 0
-1
5 0
-1
6 1
0 1188 132 1 1072 0 1188 132
-1
7 0
-1
8 0
-1
9 0
-1
10 0
-1
11 1
0 1530 170 1 261 0 1530 170
-1
12 0
-1
13 0
-1
14 0
-1
15 1
0 1377 153 1 844 0 1377 153
-1
16 0
-1
17 0
-1
18 0
-1
19 0
-1
20 0
-1
21 0
-1
22 1
0 1746 194 1 349 0 1746 194
-1
23 0
-1
24 0
-1
25 1
0 1008 112 1 1084 0 1008 112
-1
26 0
-1
27 0
-1
28 0
-1
29 0
-1
30 1
0 594 66 1 23 0 594 66
-1
31 0
-1
32 0
-1
33 0
-1
34 0
-1
35 0
-1
36 0
-1
37 0
-1
38 0
-1
39 1
0 747 83 1 394 0 747 83
-1
40 0
-1
